0 0.84296875 0.48854166666666665 0.09843750000000001 0.13541666666666666
0 0.6570312500000001 0.7385416666666667 0.09531250000000001 0.13125
0 0.41640625000000003 0.8145833333333333 0.0671875 0.09583333333333333
0 0.5734375 0.28125 0.084375 0.10416666666666667
0 0.625 0.178125 0.078125 0.10625
0 0.8914062500000001 0.6364583333333333 0.08281250000000001 0.11458333333333333
0 0.9085937500000001 0.05 0.1046875 0.1
0 0.84921875 0.23958333333333334 0.0859375 0.12083333333333333
0 0.75390625 0.21041666666666667 0.0765625 0.10416666666666667
0 0.5578125 0.6208333333333333 0.084375 0.09166666666666666
0 0.5828125000000001 0.51875 0.078125 0.10833333333333334
0 0.13828125 0.321875 0.0578125 0.07291666666666667
