0 0.634375 0.5958333333333333 0.07500000000000001 0.10833333333333334
0 0.5875 0.42604166666666665 0.059375000000000004 0.07708333333333334
0 0.7132812500000001 0.434375 0.0671875 0.09791666666666667
0 0.7601562500000001 0.40208333333333335 0.06406250000000001 0.0875
0 0.7445312500000001 0.23541666666666666 0.045312500000000006 0.06666666666666667
0 0.79453125 0.23333333333333334 0.0484375 0.075
0 0.51484375 0.2947916666666667 0.0578125 0.07708333333333334
0 0.4765625 0.5510416666666667 0.046875 0.06041666666666667
0 0.3359375 0.79375 0.034375 0.04583333333333333
0 0.31562500000000004 0.8520833333333333 0.037500000000000006 0.04583333333333333
0 0.33437500000000003 0.8916666666666666 0.037500000000000006 0.05
0 0.55703125 0.9458333333333333 0.0390625 0.058333333333333334
0 0.73203125 0.6708333333333333 0.060937500000000006 0.07916666666666666
0 0.8835937500000001 0.4552083333333333 0.035937500000000004 0.04375
