0 0.63828125 0.26666666666666666 0.11093750000000001 0.14166666666666666
0 0.8984375 0.24687499999999998 0.10625000000000001 0.14791666666666667
0 0.6078125000000001 0.5458333333333333 0.046875 0.06666666666666667
0 0.51328125 0.7072916666666667 0.0421875 0.06041666666666667
0 0.41718750000000004 0.6229166666666667 0.05 0.05
0 0.284375 0.7739583333333333 0.040625 0.05625
0 0.35078125000000004 0.9104166666666667 0.045312500000000006 0.058333333333333334
0 0.28671875 0.3489583333333333 0.035937500000000004 0.05625
0 0.24765625000000002 0.3302083333333333 0.029687500000000002 0.04791666666666666
0 0.328125 0.28541666666666665 0.034375 0.04583333333333333
0 0.47187500000000004 0.23645833333333333 0.040625 0.06041666666666667
0 0.52265625 0.23645833333333333 0.0484375 0.06458333333333333
0 0.8382812500000001 0.06145833333333333 0.0703125 0.09375
