0 0.58046875 0.3177083333333333 0.0703125 0.08541666666666667
0 0.31796875 0.11666666666666667 0.0546875 0.07916666666666666
0 0.2578125 0.13020833333333334 0.05625 0.07291666666666667
0 0.25 0.184375 0.059375000000000004 0.06875
0 0.32656250000000003 0.2552083333333333 0.046875 0.06875
0 0.52109375 0.43854166666666666 0.051562500000000004 0.07708333333333334
0 0.5484375 0.853125 0.05 0.07291666666666667
0 0.209375 0.6614583333333334 0.05 0.06875
0 0.2515625 0.6427083333333333 0.040625 0.06041666666666667
0 0.31484375000000003 0.534375 0.035937500000000004 0.04791666666666666
0 0.5476562500000001 0.25104166666666666 0.0390625 0.052083333333333336
0 0.6171875 0.15729166666666666 0.053125000000000006 0.06875
