0 0.85859375 0.08333333333333333 0.1046875 0.125
0 0.5125000000000001 0.5541666666666667 0.053125000000000006 0.06666666666666667
0 0.60859375 0.53125 0.0703125 0.10833333333333334
0 0.61875 0.7479166666666667 0.09062500000000001 0.1125
0 0.12578125 0.5 0.051562500000000004 0.06666666666666667
0 0.7039062500000001 0.9572916666666667 0.08281250000000001 0.08125
0 0.40156250000000004 0.275 0.065625 0.08333333333333333
0 0.5 0.2 0.06875 0.1125
0 0.6843750000000001 0.25729166666666664 0.0625 0.08541666666666667
0 0.62421875 0.8572916666666667 0.0734375 0.11875
