0 0.71484375 0.46249999999999997 0.1078125 0.11666666666666667
0 0.6726562500000001 0.61875 0.1234375 0.15833333333333333
0 0.40390625 0.76875 0.1078125 0.14166666666666666
0 0.23046875 0.959375 0.09531250000000001 0.07708333333333334
0 0.59140625 0.9249999999999999 0.0921875 0.11666666666666667
0 0.18359375 0.8 0.0921875 0.11666666666666667
0 0.10859375 0.7479166666666667 0.07968750000000001 0.10416666666666667
0 0.15781250000000002 0.41770833333333335 0.078125 0.10625
0 0.39453125 0.20208333333333334 0.0703125 0.09166666666666666
0 0.44921875 0.3833333333333333 0.08281250000000001 0.10833333333333334
0 0.22031250000000002 0.47604166666666664 0.07187500000000001 0.08958333333333333
0 0.23125 0.3875 0.065625 0.07916666666666666
0 0.3015625 0.3333333333333333 0.07500000000000001 0.09166666666666666
0 0.08515625 0.3385416666666667 0.08281250000000001 0.11041666666666666
0 0.01953125 0.2833333333333333 0.0390625 0.125
0 0.0484375 0.6583333333333333 0.078125 0.1125
0 0.296875 0.10104166666666667 0.034375 0.04791666666666666
0 0.1875 0.034375 0.034375 0.03958333333333333
