0 0.58203125 0.38645833333333335 0.09843750000000001 0.13958333333333334
0 0.8835937500000001 0.31145833333333334 0.1453125 0.18125
0 0.9343750000000001 0.615625 0.12812500000000002 0.16458333333333333
0 0.88828125 0.7104166666666667 0.08281250000000001 0.12083333333333333
0 0.74140625 0.9072916666666666 0.1078125 0.14375
0 0.26484375 0.84375 0.09531250000000001 0.125
0 0.39453125 0.6427083333333333 0.0765625 0.11041666666666666
0 0.34218750000000003 0.6958333333333333 0.06875 0.1125
0 0.325 0.48541666666666666 0.096875 0.12083333333333333
0 0.22734375 0.37083333333333335 0.11093750000000001 0.14166666666666666
0 0.03359375 0.19375 0.0671875 0.1625
0 0.31328125 0.042708333333333334 0.1234375 0.08541666666666667
0 0.43828125 0.3260416666666667 0.060937500000000006 0.08958333333333333
0 0.42500000000000004 0.14375 0.05 0.10416666666666667
