0 0.049218750000000006 0.75625 0.09843750000000001 0.1375
0 0.07890625000000001 0.559375 0.09843750000000001 0.12291666666666666
0 0.06796875000000001 0.24583333333333332 0.13593750000000002 0.19166666666666665
0 0.4765625 0.21979166666666666 0.125 0.18125
0 0.5632812500000001 0.396875 0.11406250000000001 0.13541666666666666
0 0.34218750000000003 0.6427083333333333 0.11875000000000001 0.15625
0 0.30703125000000003 0.8427083333333333 0.11093750000000001 0.16458333333333333
0 0.27890625 0.4875 0.0890625 0.1
0 0.6109375 0.8489583333333334 0.109375 0.13541666666666666
0 0.69921875 0.07708333333333334 0.060937500000000006 0.075
