0 0.4703125 0.50625 0.09375 0.12916666666666665
0 0.58203125 0.5895833333333333 0.1046875 0.14583333333333334
0 0.66328125 0.6927083333333334 0.0890625 0.12291666666666666
0 0.6171875 0.8354166666666667 0.12187500000000001 0.16666666666666666
0 0.48750000000000004 0.8604166666666666 0.07187500000000001 0.10416666666666667
0 0.8992187500000001 0.07604166666666666 0.06406250000000001 0.08125
0 0.91328125 0.29583333333333334 0.0546875 0.07083333333333333
0 0.91171875 0.39479166666666665 0.045312500000000006 0.06041666666666667
0 0.8093750000000001 0.41562499999999997 0.10625000000000001 0.13125
0 0.7046875 0.40625 0.10312500000000001 0.14166666666666666
0 0.4375 0.403125 0.09062500000000001 0.12291666666666666
0 0.57734375 0.4791666666666667 0.0734375 0.10416666666666667
0 0.92578125 0.6604166666666667 0.1171875 0.15
0 0.7375 0.8864583333333333 0.078125 0.10208333333333333
