0 0.609375 0.6239583333333333 0.08125 0.10208333333333333
0 0.85859375 0.4895833333333333 0.08281250000000001 0.10416666666666667
0 0.9539062500000001 0.503125 0.045312500000000006 0.06041666666666667
0 0.64453125 0.7697916666666667 0.06406250000000001 0.10208333333333333
0 0.59140625 0.12395833333333334 0.045312500000000006 0.06458333333333333
0 0.81015625 0.26875 0.0765625 0.09583333333333333
0 0.77890625 0.371875 0.0671875 0.08125
0 0.48515625 0.6354166666666666 0.0578125 0.07083333333333333
0 0.5421875 0.3645833333333333 0.053125000000000006 0.07083333333333333
0 0.5789062500000001 0.4166666666666667 0.0578125 0.07083333333333333
0 0.65 0.30833333333333335 0.053125000000000006 0.07083333333333333
0 0.70703125 0.21770833333333334 0.060937500000000006 0.08958333333333333
0 0.70859375 0.13020833333333334 0.0578125 0.07708333333333334
0 0.29765625 0.4166666666666667 0.0484375 0.0625
