0 0.5703125 0.3625 0.134375 0.1875
0 0.6804687500000001 0.4614583333333333 0.1328125 0.16458333333333333
0 0.6234375000000001 0.7604166666666666 0.10312500000000001 0.1375
0 0.53359375 0.9239583333333333 0.1046875 0.13958333333333334
0 0.8734375000000001 0.715625 0.11875000000000001 0.15208333333333332
0 0.815625 0.8604166666666666 0.1 0.14166666666666666
0 0.8914062500000001 0.39791666666666664 0.1046875 0.1375
0 0.93359375 0.21770833333333334 0.09843750000000001 0.12291666666666666
0 0.8796875000000001 0.3020833333333333 0.09375 0.07083333333333333
0 0.846875 0.08645833333333333 0.040625 0.06875
0 0.67734375 0.021875 0.0390625 0.04375
0 0.43046875 0.05416666666666667 0.0390625 0.05416666666666667
0 0.628125 0.6375 0.09375 0.125
0 0.17265625 0.8291666666666666 0.0484375 0.06666666666666667
0 0.40078125000000003 0.7802083333333333 0.0328125 0.04791666666666666
0 0.30546875 0.8114583333333333 0.029687500000000002 0.04375
0 0.2609375 0.5229166666666667 0.034375 0.05
0 0.39609375 0.40208333333333335 0.0328125 0.05416666666666667
0 0.3296875 0.36666666666666664 0.037500000000000006 0.058333333333333334
0 0.3125 0.26145833333333335 0.034375 0.05625
