0 0.5437500000000001 0.4875 0.078125 0.1
0 0.8289062500000001 0.7677083333333333 0.0578125 0.08541666666666667
0 0.39765625000000004 0.5927083333333333 0.0765625 0.10625
0 0.03671875 0.42916666666666664 0.0734375 0.10416666666666667
0 0.6328125 0.3260416666666667 0.0625 0.08541666666666667
0 0.51328125 0.04583333333333333 0.0578125 0.0875
0 0.734375 0.075 0.046875 0.075
0 0.8992187500000001 0.46249999999999997 0.07968750000000001 0.09166666666666666
0 0.97421875 0.5770833333333333 0.0484375 0.08333333333333333
0 0.878125 0.5645833333333333 0.06875 0.08333333333333333
0 0.77734375 0.34270833333333334 0.0671875 0.09375
0 0.34375 0.13333333333333333 0.08750000000000001 0.1125
