0 0.690625 0.74375 0.125 0.17083333333333334
0 0.5453125 0.8635416666666667 0.109375 0.14791666666666667
0 0.58125 0.5052083333333334 0.1125 0.15208333333333332
0 0.5515625000000001 0.33125 0.109375 0.15833333333333333
0 0.8046875 0.3052083333333333 0.115625 0.14791666666666667
0 0.7781250000000001 0.06875 0.134375 0.1375
0 0.7296875 0.61875 0.1 0.10833333333333334
0 0.796875 0.4010416666666667 0.09062500000000001 0.09375
0 0.9632812500000001 0.41770833333333335 0.0703125 0.06875
0 0.9656250000000001 0.31145833333333334 0.065625 0.11875
