0 0.89453125 0.425 0.1203125 0.13333333333333333
0 0.8109375000000001 0.30104166666666665 0.109375 0.13541666666666666
0 0.70703125 0.271875 0.09843750000000001 0.12708333333333333
0 0.59609375 0.42083333333333334 0.0921875 0.14583333333333334
0 0.31640625 0.43124999999999997 0.11406250000000001 0.2
0 0.7125 0.5614583333333333 0.125 0.17291666666666666
0 0.76875 0.6052083333333333 0.109375 0.15625
0 0.7421875 0.9020833333333333 0.06875 0.09166666666666666
0 0.6273437500000001 0.8333333333333334 0.0734375 0.1125
0 0.5390625 0.8854166666666666 0.08750000000000001 0.11666666666666667
0 0.57265625 0.553125 0.0921875 0.10208333333333333
0 0.765625 0.175 0.06875 0.10416666666666667
0 0.6585937500000001 0.16979166666666667 0.0890625 0.10208333333333333
0 0.5984375000000001 0.052083333333333336 0.08125 0.10416666666666667
0 0.5015625 0.146875 0.06875 0.10208333333333333
0 0.57265625 0.15104166666666666 0.051562500000000004 0.07708333333333334
0 0.73203125 0.409375 0.08281250000000001 0.10625
0 0.7898437500000001 0.7177083333333333 0.0484375 0.06875
