0 0.66015625 0.052083333333333336 0.1453125 0.10416666666666667
0 0.41328125000000004 0.265625 0.09843750000000001 0.13541666666666666
0 0.5164062500000001 0.27708333333333335 0.0859375 0.1375
0 0.6859375000000001 0.634375 0.11875000000000001 0.13541666666666666
0 0.74375 0.7885416666666667 0.10312500000000001 0.12708333333333333
0 0.52109375 0.8645833333333334 0.08281250000000001 0.12083333333333333
0 0.3484375 0.759375 0.084375 0.11041666666666666
0 0.36640625000000004 0.5895833333333333 0.08281250000000001 0.10416666666666667
0 0.41484375 0.64375 0.0671875 0.1
0 0.5515625000000001 0.5375 0.059375000000000004 0.0875
0 0.59140625 0.6510416666666666 0.0765625 0.08958333333333333
0 0.50703125 0.728125 0.06406250000000001 0.11041666666666666
0 0.19609375 0.31354166666666666 0.0734375 0.09375
0 0.26875 0.2552083333333333 0.078125 0.09375
0 0.484375 0.53125 0.0625 0.1
0 0.0203125 0.5020833333333333 0.040625 0.1
