0 0.9515625000000001 0.575 0.09375 0.1625
0 0.96640625 0.853125 0.06406250000000001 0.16875
0 0.88671875 0.765625 0.0578125 0.08125
0 0.5171875 0.709375 0.12812500000000002 0.16875
0 0.21875 0.859375 0.09062500000000001 0.13125
0 0.014843750000000001 0.7270833333333333 0.029687500000000002 0.0625
0 0.0390625 0.7572916666666667 0.037500000000000006 0.06041666666666667
0 0.6414062500000001 0.4614583333333333 0.045312500000000006 0.07291666666666667
0 0.7000000000000001 0.5416666666666666 0.07500000000000001 0.09583333333333333
0 0.8367187500000001 0.590625 0.0765625 0.11041666666666666
0 0.94921875 0.41562499999999997 0.09843750000000001 0.13958333333333334
0 0.8226562500000001 0.04375 0.1015625 0.0875
0 0.85078125 0.7427083333333333 0.051562500000000004 0.08958333333333333
