0 0.37734375000000003 0.43124999999999997 0.1484375 0.1875
0 0.23984375000000002 0.7291666666666666 0.09843750000000001 0.11666666666666667
0 0.32578125 0.26458333333333334 0.1234375 0.1875
0 0.35078125000000004 0.12083333333333333 0.1015625 0.125
0 0.7203125 0.5041666666666667 0.084375 0.11666666666666667
0 0.56953125 0.8364583333333333 0.07968750000000001 0.11041666666666666
0 0.88671875 0.6625 0.0765625 0.0875
0 0.88046875 0.9697916666666666 0.0921875 0.05625
0 0.8765625 0.22604166666666667 0.09062500000000001 0.10625
0 0.5320312500000001 0.24375 0.0703125 0.0875
