0 0.6640625 0.36041666666666666 0.11875000000000001 0.15833333333333333
0 0.44296875 0.6541666666666667 0.1078125 0.14583333333333334
0 0.375 0.3833333333333333 0.08750000000000001 0.11666666666666667
0 0.35625 0.5041666666666667 0.078125 0.10416666666666667
0 0.728125 0.5604166666666667 0.109375 0.14583333333333334
0 0.5578125 0.6020833333333333 0.109375 0.1375
0 0.7078125000000001 0.06666666666666667 0.1 0.11666666666666667
0 0.3609375 0.065625 0.10625000000000001 0.12291666666666666
0 0.47109375000000003 0.1625 0.0921875 0.14166666666666666
0 0.54609375 0.31145833333333334 0.08281250000000001 0.11458333333333333
0 0.1125 0.9229166666666666 0.084375 0.11666666666666667
0 0.17890625000000002 0.5614583333333333 0.0578125 0.08125
0 0.16562500000000002 0.6416666666666666 0.059375000000000004 0.075
0 0.13203125000000002 0.7604166666666666 0.06406250000000001 0.1125
0 0.0171875 0.928125 0.034375 0.08125
0 0.33437500000000003 0.8802083333333334 0.078125 0.12708333333333333
0 0.31953125000000004 0.7666666666666666 0.06406250000000001 0.09166666666666666
