0 0.54296875 0.90625 0.0671875 0.09583333333333333
0 0.721875 0.8395833333333333 0.06875 0.0875
0 0.72578125 0.7260416666666667 0.0578125 0.06875
0 0.6875 0.771875 0.037500000000000006 0.06041666666666667
0 0.75 0.5979166666666667 0.043750000000000004 0.05416666666666667
0 0.39687500000000003 0.4125 0.037500000000000006 0.05
0 0.44140625 0.340625 0.0390625 0.052083333333333336
0 0.21328125 0.25 0.045312500000000006 0.0625
0 0.27421875 0.128125 0.0484375 0.05625
0 0.45546875000000003 0.221875 0.035937500000000004 0.04791666666666666
0 0.73984375 0.515625 0.051562500000000004 0.05625
