0 0.61875 0.4614583333333333 0.046875 0.05625
0 0.41171875 0.5020833333333333 0.045312500000000006 0.058333333333333334
0 0.08984375 0.7145833333333333 0.0578125 0.0625
0 0.2265625 0.671875 0.043750000000000004 0.06041666666666667
0 0.403125 0.7947916666666667 0.034375 0.052083333333333336
0 0.4296875 0.7541666666666667 0.040625 0.05416666666666667
0 0.44843750000000004 0.80625 0.040625 0.058333333333333334
0 0.42890625000000004 0.9322916666666666 0.0421875 0.06458333333333333
0 0.51796875 0.9072916666666666 0.0390625 0.06041666666666667
0 0.5476562500000001 0.8604166666666666 0.035937500000000004 0.05416666666666667
0 0.5867187500000001 0.8468749999999999 0.0390625 0.06458333333333333
0 0.43046875 0.2916666666666667 0.0328125 0.041666666666666664
