0 0.13203125000000002 0.590625 0.1015625 0.14375
0 0.6890625 0.8781249999999999 0.084375 0.11041666666666666
0 0.8171875000000001 0.4145833333333333 0.09062500000000001 0.1125
0 0.8031250000000001 0.2791666666666667 0.08125 0.12083333333333333
0 0.7671875 0.11354166666666667 0.09062500000000001 0.12291666666666666
0 0.71015625 0.171875 0.0859375 0.11875
0 0.56640625 0.3208333333333333 0.0921875 0.125
0 0.61328125 0.3958333333333333 0.060937500000000006 0.1125
0 0.64375 0.6614583333333334 0.06875 0.09791666666666667
0 0.4265625 0.9541666666666666 0.05625 0.0875
0 0.43984375000000003 0.7614583333333333 0.0484375 0.07708333333333334
0 0.5015625 0.7541666666666667 0.05 0.07083333333333333
0 0.60703125 0.7854166666666667 0.0546875 0.06666666666666667
0 0.63203125 0.7270833333333333 0.051562500000000004 0.0625
0 0.7898437500000001 0.5052083333333334 0.0734375 0.10208333333333333
0 0.025 0.17708333333333334 0.05 0.0875
