0 0.78046875 0.7479166666666667 0.0578125 0.075
0 0.8070312500000001 0.6770833333333334 0.0484375 0.06666666666666667
0 0.74375 0.675 0.053125000000000006 0.075
0 0.6820312500000001 0.6822916666666666 0.051562500000000004 0.07291666666666667
0 0.7117187500000001 0.6125 0.051562500000000004 0.06666666666666667
0 0.6578125 0.6177083333333333 0.046875 0.06458333333333333
0 0.6062500000000001 0.5666666666666667 0.046875 0.058333333333333334
0 0.5867187500000001 0.675 0.0484375 0.0625
0 0.3609375 0.5041666666666667 0.040625 0.058333333333333334
0 0.46640625 0.07604166666666666 0.0890625 0.12708333333333333
0 0.5984375000000001 0.06875 0.07187500000000001 0.1
0 0.4140625 0.9385416666666666 0.037500000000000006 0.04375
0 0.24375000000000002 0.48854166666666665 0.040625 0.05625
0 0.34687500000000004 0.5729166666666666 0.034375 0.058333333333333334
0 0.55078125 0.5072916666666667 0.035937500000000004 0.052083333333333336
0 0.1046875 0.309375 0.05 0.06875
