0 0.7703125000000001 0.37916666666666665 0.084375 0.10416666666666667
0 0.5320312500000001 0.8135416666666666 0.09843750000000001 0.13541666666666666
0 0.7195312500000001 0.6333333333333333 0.06406250000000001 0.0875
0 0.78046875 0.53125 0.051562500000000004 0.08333333333333333
0 0.8250000000000001 0.5739583333333333 0.059375000000000004 0.07708333333333334
0 0.8578125000000001 0.8510416666666667 0.037500000000000006 0.052083333333333336
0 0.371875 0.5208333333333334 0.043750000000000004 0.0625
0 0.29375 0.91875 0.046875 0.06666666666666667
0 0.49375 0.4583333333333333 0.059375000000000004 0.09583333333333333
0 0.3453125 0.42291666666666666 0.046875 0.058333333333333334
0 0.29609375 0.346875 0.0390625 0.052083333333333336
0 0.48046875 0.04895833333333333 0.06406250000000001 0.09375
