0 0.50234375 0.4666666666666667 0.0578125 0.075
0 0.5359375000000001 0.5791666666666666 0.05 0.06666666666666667
0 0.57734375 0.64375 0.0484375 0.05416666666666667
0 0.37734375000000003 0.8760416666666666 0.0578125 0.08125
0 0.2 0.8666666666666667 0.06875 0.09166666666666666
0 0.634375 0.534375 0.053125000000000006 0.07708333333333334
0 0.58203125 0.5583333333333333 0.0390625 0.058333333333333334
0 0.69296875 0.5552083333333333 0.0546875 0.07291666666666667
0 0.7203125 0.48125 0.05625 0.0625
0 0.8859375 0.22291666666666665 0.08125 0.10416666666666667
0 0.74375 0.5802083333333333 0.046875 0.06458333333333333
0 0.853125 0.396875 0.06875 0.10208333333333333
