0 0.67890625 0.65625 0.1234375 0.15
0 0.8578125000000001 0.9104166666666667 0.14375000000000002 0.1625
0 0.81953125 0.3020833333333333 0.1265625 0.16666666666666666
0 0.878125 0.5052083333333334 0.12187500000000001 0.15208333333333332
0 0.7546875000000001 0.51875 0.11875000000000001 0.15833333333333333
0 0.6578125 0.4302083333333333 0.10625000000000001 0.13541666666666666
0 0.6804687500000001 0.26875 0.11093750000000001 0.14583333333333334
0 0.50234375 0.44687499999999997 0.1078125 0.14375
0 0.453125 0.6583333333333333 0.109375 0.1625
0 0.5632812500000001 0.7364583333333333 0.1203125 0.16041666666666665
0 0.6765625000000001 0.8322916666666667 0.11875000000000001 0.15625
0 0.503125 0.9302083333333333 0.08750000000000001 0.12291666666666666
0 0.21406250000000002 0.621875 0.08125 0.11041666666666666
0 0.21328125 0.5239583333333333 0.0765625 0.10208333333333333
0 0.153125 0.6270833333333333 0.046875 0.07916666666666666
0 0.25859375 0.28854166666666664 0.08281250000000001 0.12291666666666666
0 0.32656250000000003 0.134375 0.09375 0.12708333333333333
0 0.45859375 0.08541666666666667 0.11093750000000001 0.15416666666666667
0 0.36953125000000003 0.6375 0.0671875 0.10416666666666667
