0 0.49609375 0.6791666666666667 0.0890625 0.12916666666666665
0 0.4890625 0.8802083333333334 0.09375 0.14375
0 0.6265625 0.4739583333333333 0.065625 0.09375
0 0.48671875000000003 0.340625 0.0859375 0.11041666666666666
0 0.28750000000000003 0.33229166666666665 0.046875 0.06041666666666667
0 0.25703125 0.41354166666666664 0.051562500000000004 0.06875
0 0.2171875 0.584375 0.040625 0.06041666666666667
0 0.55703125 0.08229166666666667 0.0765625 0.12291666666666666
0 0.44765625000000003 0.44895833333333335 0.0421875 0.07291666666666667
0 0.61328125 0.6583333333333333 0.0328125 0.05
0 0.6507812500000001 0.60625 0.0328125 0.04583333333333333
