0 0.71640625 0.19583333333333333 0.1078125 0.15
0 0.82421875 0.08020833333333333 0.1015625 0.13958333333333334
0 0.884375 0.28854166666666664 0.1125 0.16458333333333333
0 0.7953125000000001 0.5666666666666667 0.09062500000000001 0.15416666666666667
0 0.2515625 0.26666666666666666 0.078125 0.1125
0 0.2 0.33125 0.07187500000000001 0.10416666666666667
0 0.27265625 0.346875 0.060937500000000006 0.08541666666666667
0 0.22890625 0.6510416666666666 0.0578125 0.08541666666666667
0 0.06796875000000001 0.6770833333333334 0.0578125 0.08333333333333333
0 0.1 0.4614583333333333 0.09375 0.13125
0 0.16484375 0.17708333333333334 0.0890625 0.125
0 0.06328125 0.284375 0.08281250000000001 0.12291666666666666
0 0.9734375000000001 0.6635416666666667 0.05 0.07291666666666667
0 0.59375 0.15208333333333332 0.040625 0.06666666666666667
0 0.63671875 0.12395833333333334 0.045312500000000006 0.07291666666666667
