0 0.95703125 0.5291666666666667 0.08281250000000001 0.175
0 0.3296875 0.9447916666666667 0.1125 0.10625
0 0.38046875 0.5375 0.0671875 0.10833333333333334
0 0.44296875 0.4302083333333333 0.0703125 0.10625
0 0.5007812500000001 0.3572916666666667 0.07968750000000001 0.09791666666666667
0 0.52734375 0.55 0.060937500000000006 0.09166666666666666
0 0.48671875000000003 0.6041666666666666 0.0703125 0.075
0 0.41718750000000004 0.7072916666666667 0.05625 0.07708333333333334
0 0.6015625 0.6541666666666667 0.065625 0.10833333333333334
0 0.6296875000000001 0.5333333333333333 0.08125 0.0875
