0 0.70703125 0.6416666666666666 0.045312500000000006 0.06666666666666667
0 0.74765625 0.675 0.0421875 0.0625
0 0.5984375000000001 0.7322916666666667 0.046875 0.06458333333333333
0 0.5867187500000001 0.9541666666666666 0.06406250000000001 0.07916666666666666
0 0.75703125 0.8677083333333333 0.0671875 0.07708333333333334
0 0.7609375 0.94375 0.05625 0.0875
0 0.24375000000000002 0.3802083333333333 0.034375 0.052083333333333336
0 0.7578125 0.5979166666666667 0.046875 0.06666666666666667
0 0.20625000000000002 0.465625 0.034375 0.04375
0 0.16796875 0.5177083333333333 0.0328125 0.05625
0 0.17500000000000002 0.7114583333333333 0.037500000000000006 0.04791666666666666
0 0.12265625000000001 0.6697916666666667 0.035937500000000004 0.04375
0 0.2328125 0.9104166666666667 0.03125 0.04583333333333333
0 0.07500000000000001 0.8 0.037500000000000006 0.05
