0 0.6882812500000001 0.6416666666666666 0.11406250000000001 0.16666666666666666
0 0.59609375 0.8854166666666666 0.0921875 0.14583333333333334
0 0.7781250000000001 0.8489583333333334 0.10312500000000001 0.15625
0 0.98359375 0.7979166666666666 0.029687500000000002 0.1375
0 0.9789062500000001 0.5322916666666666 0.0390625 0.16041666666666665
0 0.8859375 0.5041666666666667 0.1 0.15
0 0.7171875000000001 0.33125 0.109375 0.1625
0 0.56875 0.26875 0.1 0.14166666666666666
0 0.9203125000000001 0.0625 0.12812500000000002 0.125
0 0.8609375 0.11770833333333333 0.12187500000000001 0.11875
0 0.76328125 0.2 0.09531250000000001 0.1125
0 0.97421875 0.13125 0.0484375 0.12916666666666665
