0 0.8054687500000001 0.8364583333333333 0.1453125 0.18541666666666667
0 0.89609375 0.2916666666666667 0.1484375 0.19583333333333333
0 0.6820312500000001 0.07291666666666667 0.11406250000000001 0.14583333333333334
0 0.40937500000000004 0.26145833333333335 0.084375 0.11875
0 0.4625 0.24375 0.06875 0.12083333333333333
0 0.3640625 0.3177083333333333 0.084375 0.09791666666666667
0 0.4140625 0.4125 0.07500000000000001 0.1125
0 0.3953125 0.6177083333333333 0.06875 0.10625
0 0.16562500000000002 0.035416666666666666 0.059375000000000004 0.07083333333333333
0 0.521875 0.9239583333333333 0.059375000000000004 0.08125
