0 0.609375 0.46979166666666666 0.09062500000000001 0.12708333333333333
0 0.853125 0.41354166666666664 0.09375 0.12291666666666666
0 0.7375 0.7895833333333333 0.065625 0.09583333333333333
0 0.759375 0.903125 0.0625 0.09375
0 0.89609375 0.678125 0.0546875 0.08125
0 0.34218750000000003 0.5614583333333333 0.09062500000000001 0.11041666666666666
0 0.340625 0.6989583333333333 0.08125 0.10208333333333333
0 0.8390625 0.221875 0.034375 0.04791666666666666
0 0.87421875 0.16666666666666666 0.035937500000000004 0.05
0 0.93671875 0.196875 0.045312500000000006 0.06041666666666667
0 0.971875 0.24791666666666667 0.037500000000000006 0.05
