0 0.8148437500000001 0.3833333333333333 0.0671875 0.0875
0 0.74921875 0.31354166666666666 0.060937500000000006 0.07291666666666667
0 0.5234375 0.40625 0.065625 0.0875
0 0.56796875 0.48333333333333334 0.06406250000000001 0.08333333333333333
0 0.5921875 0.4125 0.05625 0.075
0 0.64453125 0.625 0.060937500000000006 0.07916666666666666
0 0.6664062500000001 0.70625 0.060937500000000006 0.08333333333333333
0 0.5359375000000001 0.25625 0.05 0.06666666666666667
0 0.7078125000000001 0.3302083333333333 0.053125000000000006 0.07291666666666667
0 0.33984375 0.134375 0.0484375 0.06041666666666667
0 0.33046875000000003 0.07083333333333333 0.051562500000000004 0.06666666666666667
0 0.39453125 0.15833333333333333 0.0421875 0.0625
0 0.51796875 0.14479166666666665 0.0421875 0.05625
0 0.3984375 0.2895833333333333 0.043750000000000004 0.0625
