0 0.60078125 0.91875 0.045312500000000006 0.06666666666666667
0 0.66015625 0.659375 0.0421875 0.06458333333333333
0 0.74609375 0.440625 0.045312500000000006 0.05625
0 0.53359375 0.31979166666666664 0.0390625 0.06041666666666667
0 0.31875000000000003 0.4635416666666667 0.040625 0.06458333333333333
0 0.31484375000000003 0.7291666666666666 0.045312500000000006 0.0625
0 0.40703125 0.6479166666666667 0.035937500000000004 0.05416666666666667
0 0.140625 0.3260416666666667 0.05625 0.07291666666666667
0 0.26484375 0.43124999999999997 0.0484375 0.06666666666666667
0 0.6585937500000001 0.16041666666666665 0.0390625 0.058333333333333334
0 0.6640625 0.253125 0.040625 0.05625
0 0.6335937500000001 0.32916666666666666 0.045312500000000006 0.058333333333333334
0 0.515625 0.71875 0.046875 0.07083333333333333
