0 0.73828125 0.7041666666666666 0.0703125 0.09583333333333333
0 0.884375 0.8624999999999999 0.08125 0.11666666666666667
0 0.784375 0.8385416666666666 0.06875 0.10208333333333333
0 0.75 0.875 0.0625 0.09583333333333333
0 0.878125 0.39791666666666664 0.08750000000000001 0.10416666666666667
0 0.9140625 0.22604166666666667 0.1125 0.14791666666666667
0 0.45078125 0.91875 0.07968750000000001 0.1125
0 0.35625 0.8989583333333333 0.065625 0.09375
0 0.6882812500000001 0.45 0.0765625 0.09583333333333333
0 0.4609375 0.4864583333333333 0.0625 0.08541666666666667
