0 0.11406250000000001 0.43124999999999997 0.096875 0.12083333333333333
0 0.47421875 0.6385416666666667 0.1078125 0.13541666666666666
0 0.44062500000000004 0.7625 0.10625000000000001 0.13333333333333333
0 0.6687500000000001 0.553125 0.1 0.13541666666666666
0 0.8078125 0.4375 0.09375 0.1125
0 0.9484375 0.309375 0.08750000000000001 0.11041666666666666
0 0.98203125 0.3645833333333333 0.0328125 0.11666666666666667
0 0.48750000000000004 0.428125 0.11875000000000001 0.15208333333333332
0 0.6039062500000001 0.3 0.07968750000000001 0.1
0 0.25859375 0.48125 0.060937500000000006 0.08333333333333333
0 0.5953125 0.9520833333333333 0.08750000000000001 0.09166666666666666
