0 0.5164062500000001 0.6208333333333333 0.1234375 0.1375
0 0.93671875 0.4979166666666667 0.1234375 0.14166666666666666
0 0.45859375 0.4166666666666667 0.1171875 0.14166666666666666
0 0.39609375 0.2708333333333333 0.11406250000000001 0.14583333333333334
0 0.52265625 0.3052083333333333 0.07968750000000001 0.09791666666666667
0 0.7406250000000001 0.303125 0.1125 0.13541666666666666
0 0.0421875 0.7427083333333333 0.084375 0.12708333333333333
0 0.26796875000000003 0.11979166666666667 0.08281250000000001 0.11875
0 0.6648437500000001 0.8229166666666666 0.09531250000000001 0.12916666666666665
0 0.553125 0.825 0.096875 0.11666666666666667
0 0.4921875 0.865625 0.08750000000000001 0.12291666666666666
