0 0.4234375 0.4239583333333333 0.146875 0.18958333333333333
0 0.50625 0.75625 0.13125 0.15833333333333333
0 0.69453125 0.7947916666666667 0.1328125 0.17291666666666666
0 0.6781250000000001 0.540625 0.125 0.16041666666666665
0 0.8234375 0.5770833333333333 0.0625 0.08333333333333333
0 0.75703125 0.41875 0.1265625 0.1625
0 0.8421875000000001 0.278125 0.08750000000000001 0.12291666666666666
0 0.60703125 0.16354166666666667 0.1234375 0.16041666666666665
0 0.5945312500000001 0.3833333333333333 0.1015625 0.14166666666666666
0 0.6726562500000001 0.303125 0.0921875 0.14375
0 0.7171875000000001 0.21458333333333332 0.1125 0.1375
0 0.6078125000000001 0.6354166666666666 0.096875 0.1125
0 0.51875 0.17083333333333334 0.09375 0.1375
0 0.8328125000000001 0.85625 0.034375 0.06666666666666667
