0 0.7835937500000001 0.7041666666666666 0.1640625 0.1875
0 0.79609375 0.409375 0.1078125 0.13541666666666666
0 0.6414062500000001 0.484375 0.1171875 0.14375
0 0.69453125 0.40208333333333335 0.1078125 0.13333333333333333
0 0.628125 0.7083333333333334 0.125 0.175
0 0.39609375 0.5739583333333333 0.09531250000000001 0.13125
0 0.34218750000000003 0.571875 0.07500000000000001 0.09375
0 0.45703125 0.7322916666666667 0.1015625 0.09791666666666667
0 0.37109375 0.8239583333333333 0.0734375 0.10208333333333333
0 0.42500000000000004 0.8937499999999999 0.08125 0.09166666666666666
0 0.1640625 0.946875 0.1 0.10208333333333333
0 0.478125 0.37083333333333335 0.065625 0.09166666666666666
0 0.95703125 0.4791666666666667 0.08281250000000001 0.15
0 0.5484375 0.21770833333333334 0.040625 0.052083333333333336
