0 0.5546875 0.615625 0.065625 0.08125
0 0.31562500000000004 0.6822916666666666 0.0625 0.08125
0 0.3171875 0.609375 0.059375000000000004 0.07708333333333334
0 0.3984375 0.578125 0.040625 0.08125
0 0.534375 0.5 0.0625 0.06666666666666667
0 0.49453125000000003 0.5083333333333333 0.0421875 0.07083333333333333
0 0.58046875 0.834375 0.0421875 0.07708333333333334
0 0.5328125 0.709375 0.037500000000000006 0.07708333333333334
0 0.21250000000000002 0.7572916666666667 0.043750000000000004 0.07708333333333334
0 0.13984375000000002 0.6072916666666667 0.0390625 0.05625
0 0.71875 0.7666666666666666 0.025 0.0375
0 0.634375 0.5375 0.025 0.05
0 0.71796875 0.5583333333333333 0.029687500000000002 0.041666666666666664
0 0.7484375000000001 0.5427083333333333 0.03125 0.05625
0 0.7578125 0.6083333333333333 0.028125 0.05
