0 0.65625 0.27291666666666664 0.13125 0.17916666666666667
0 0.72421875 0.3802083333333333 0.1203125 0.16041666666666665
0 0.7195312500000001 0.55 0.11093750000000001 0.13333333333333333
0 0.6875 0.6645833333333333 0.1125 0.12916666666666665
0 0.56953125 0.5291666666666667 0.035937500000000004 0.05416666666666667
0 0.8375 0.5760416666666667 0.043750000000000004 0.06041666666666667
0 0.3984375 0.434375 0.037500000000000006 0.052083333333333336
0 0.46718750000000003 0.175 0.037500000000000006 0.05
0 0.35234375 0.10729166666666666 0.029687500000000002 0.03958333333333333
0 0.3609375 0.04479166666666667 0.03125 0.03958333333333333
0 0.73984375 0.24270833333333333 0.035937500000000004 0.04791666666666666
0 0.36875 0.6979166666666666 0.03125 0.04583333333333333
