0 0.49765625 0.6864583333333333 0.0859375 0.10625
0 0.64453125 0.753125 0.1078125 0.13541666666666666
0 0.55625 0.896875 0.10312500000000001 0.15208333333333332
0 0.775 0.4114583333333333 0.109375 0.13125
0 0.9375 0.29270833333333335 0.10312500000000001 0.15625
0 0.5328125 0.096875 0.040625 0.06041666666666667
0 0.23046875 0.028125 0.045312500000000006 0.05625
0 0.20078125000000002 0.17395833333333333 0.0390625 0.06041666666666667
0 0.19140625 0.7104166666666667 0.045312500000000006 0.0625
0 0.25 0.759375 0.046875 0.06041666666666667
0 0.20859375000000002 0.8895833333333333 0.0484375 0.07083333333333333
0 0.27265625 0.9635416666666666 0.0546875 0.06875
0 0.11171875 0.25416666666666665 0.035937500000000004 0.0625
0 0.69921875 0.5385416666666667 0.07968750000000001 0.10625
