0 0.73828125 0.15520833333333334 0.1609375 0.22291666666666665
0 0.65546875 0.33541666666666664 0.13593750000000002 0.1625
0 0.5671875000000001 0.571875 0.14375000000000002 0.22291666666666665
0 0.609375 0.7645833333333333 0.096875 0.14583333333333334
0 0.7859375000000001 0.771875 0.115625 0.16875
0 0.89375 0.44895833333333335 0.10625000000000001 0.14791666666666667
0 0.97578125 0.259375 0.045312500000000006 0.15208333333333332
0 0.6492187500000001 0.58125 0.0890625 0.15416666666666667
0 0.73984375 0.328125 0.0859375 0.12708333333333333
0 0.86640625 0.615625 0.1046875 0.13125
