0 0.43515625 0.90625 0.0765625 0.10833333333333334
0 0.209375 0.8468749999999999 0.05625 0.08125
0 0.140625 0.5854166666666667 0.05 0.07083333333333333
0 0.05234375 0.6208333333333333 0.0578125 0.07083333333333333
0 0.7664062500000001 0.640625 0.06406250000000001 0.08958333333333333
0 0.5390625 0.5114583333333333 0.046875 0.07291666666666667
0 0.8046875 0.37083333333333335 0.065625 0.08333333333333333
0 0.59375 0.3677083333333333 0.05625 0.08125
0 0.45937500000000003 0.39479166666666665 0.05625 0.07708333333333334
0 0.6882812500000001 0.5375 0.0578125 0.08333333333333333
