0 0.415625 0.69375 0.13125 0.17083333333333334
0 0.19453125000000002 0.48333333333333334 0.0890625 0.11666666666666667
0 0.10859375 0.071875 0.0765625 0.11458333333333333
0 0.6273437500000001 0.359375 0.0546875 0.08125
0 0.8984375 0.4145833333333333 0.09375 0.13333333333333333
0 0.7429687500000001 0.5729166666666666 0.051562500000000004 0.075
0 0.8921875 0.684375 0.1 0.12708333333333333
0 0.64765625 0.41041666666666665 0.045312500000000006 0.0625
0 0.75546875 0.06041666666666667 0.0859375 0.12083333333333333
0 0.65625 0.715625 0.040625 0.06041666666666667
0 0.6859375000000001 0.7510416666666666 0.037500000000000006 0.052083333333333336
0 0.6578125 0.78125 0.046875 0.0625
