0 0.278125 0.275 0.13125 0.15833333333333333
0 0.19140625 0.2 0.1046875 0.13333333333333333
0 0.5125000000000001 0.45625 0.040625 0.058333333333333334
0 0.5265625 0.4114583333333333 0.040625 0.04791666666666666
0 0.39140625 0.7927083333333333 0.0703125 0.11875
0 0.3203125 0.9052083333333333 0.125 0.17708333333333334
0 0.63828125 0.7302083333333333 0.0484375 0.07291666666666667
0 0.753125 0.8395833333333333 0.05 0.06666666666666667
0 0.82734375 0.9604166666666667 0.0546875 0.075
0 0.8851562500000001 0.9145833333333333 0.045312500000000006 0.0625
0 0.5710937500000001 0.8395833333333333 0.07968750000000001 0.1375
0 0.7171875000000001 0.8614583333333333 0.05 0.07291666666666667
0 0.7125 0.7854166666666667 0.037500000000000006 0.05
0 0.97421875 0.825 0.0484375 0.06666666666666667
0 0.53828125 0.490625 0.029687500000000002 0.04375
