0 0.5578125 0.6572916666666666 0.046875 0.06458333333333333
0 0.4890625 0.7635416666666667 0.040625 0.06041666666666667
0 0.4734375 0.81875 0.046875 0.06666666666666667
0 0.49531250000000004 0.8354166666666667 0.043750000000000004 0.06666666666666667
0 0.5953125 0.890625 0.046875 0.06875
0 0.20625000000000002 0.6760416666666667 0.059375000000000004 0.08125
0 0.022656250000000003 0.396875 0.045312500000000006 0.07708333333333334
0 0.07890625000000001 0.4083333333333333 0.0421875 0.0625
0 0.045312500000000006 0.31979166666666664 0.05 0.06458333333333333
0 0.275 0.6291666666666667 0.037500000000000006 0.05416666666666667
0 0.28125 0.6833333333333333 0.034375 0.058333333333333334
0 0.31093750000000003 0.7739583333333333 0.046875 0.06458333333333333
0 0.34375 0.746875 0.046875 0.06458333333333333
0 0.39609375 0.75 0.0421875 0.06666666666666667
0 0.496875 0.8958333333333334 0.043750000000000004 0.058333333333333334
0 0.43203125000000003 0.8312499999999999 0.0484375 0.058333333333333334
0 0.12187500000000001 0.9197916666666667 0.053125000000000006 0.07291666666666667
0 0.16718750000000002 0.9677083333333333 0.046875 0.06041666666666667
0 0.3953125 0.08541666666666667 0.037500000000000006 0.058333333333333334
