0 0.4453125 0.7364583333333333 0.10625000000000001 0.13125
0 0.86328125 0.6270833333333333 0.1296875 0.15833333333333333
0 0.34140625 0.5489583333333333 0.060937500000000006 0.06875
0 0.7820312500000001 0.4427083333333333 0.060937500000000006 0.08125
0 0.61875 0.9 0.084375 0.11666666666666667
0 0.1875 0.35104166666666664 0.0625 0.08125
0 0.240625 0.21770833333333334 0.053125000000000006 0.07291666666666667
0 0.4421875 0.5208333333333334 0.053125000000000006 0.07083333333333333
0 0.6921875000000001 0.8447916666666666 0.09375 0.11458333333333333
0 0.6546875000000001 0.421875 0.05 0.06875
0 0.53046875 0.49583333333333335 0.045312500000000006 0.058333333333333334
0 0.19140625 0.434375 0.0484375 0.06458333333333333
0 0.36171875000000003 0.34479166666666666 0.0546875 0.07291666666666667
0 0.11015625000000001 0.4479166666666667 0.0578125 0.06666666666666667
0 0.09531250000000001 0.3854166666666667 0.046875 0.06666666666666667
0 0.02734375 0.26145833333333335 0.051562500000000004 0.08125
