0 0.35781250000000003 0.42604166666666665 0.1375 0.19375
0 0.5765625 0.27708333333333335 0.09375 0.1375
0 0.67734375 0.21770833333333334 0.08281250000000001 0.12291666666666666
0 0.4578125 0.25416666666666665 0.09375 0.13333333333333333
0 0.6507812500000001 0.4875 0.1015625 0.14166666666666666
0 0.55 0.48125 0.059375000000000004 0.0875
0 0.20078125000000002 0.675 0.09843750000000001 0.13333333333333333
0 0.20390625 0.8229166666666666 0.08281250000000001 0.11666666666666667
0 0.5578125 0.7645833333333333 0.096875 0.13333333333333333
0 0.37109375 0.9520833333333333 0.11406250000000001 0.09166666666666666
0 0.87265625 0.525 0.1078125 0.12916666666666665
0 0.8367187500000001 0.23124999999999998 0.0859375 0.10833333333333334
0 0.78125 0.39791666666666664 0.08125 0.09166666666666666
0 0.73046875 0.48125 0.06406250000000001 0.1
0 0.71796875 0.8229166666666666 0.0921875 0.15416666666666667
0 0.790625 0.15104166666666666 0.08750000000000001 0.10625
