0 0.5320312500000001 0.7739583333333333 0.0890625 0.13125
0 0.51875 0.9520833333333333 0.08750000000000001 0.09166666666666666
0 0.21640625000000002 0.4395833333333333 0.0921875 0.12916666666666665
0 0.29609375 0.5739583333333333 0.0765625 0.10208333333333333
0 0.26875 0.7052083333333333 0.065625 0.09375
0 0.52734375 0.44375 0.06406250000000001 0.09166666666666666
0 0.36484375 0.8020833333333334 0.0546875 0.0875
0 0.43984375000000003 0.8156249999999999 0.0671875 0.10208333333333333
0 0.240625 0.9249999999999999 0.05625 0.075
0 0.27187500000000003 0.8010416666666667 0.059375000000000004 0.08125
0 0.18515625000000002 0.8614583333333333 0.051562500000000004 0.06875
0 0.153125 0.9083333333333333 0.053125000000000006 0.058333333333333334
0 0.02421875 0.759375 0.0484375 0.08541666666666667
0 0.047656250000000004 0.7854166666666667 0.045312500000000006 0.07083333333333333
0 0.19687500000000002 0.6489583333333333 0.05 0.06875
0 0.16484375 0.8072916666666666 0.045312500000000006 0.06458333333333333
