0 0.55625 0.6208333333333333 0.0625 0.08333333333333333
0 0.5640625 0.7541666666666667 0.0625 0.08333333333333333
0 0.5632812500000001 0.8614583333333333 0.0578125 0.07708333333333334
0 0.52265625 0.8937499999999999 0.0484375 0.058333333333333334
0 0.44375000000000003 0.825 0.043750000000000004 0.0625
0 0.46953125 0.6697916666666667 0.0421875 0.06458333333333333
0 0.52265625 0.4145833333333333 0.0484375 0.07083333333333333
0 0.54921875 0.3927083333333333 0.051562500000000004 0.07708333333333334
0 0.32578125 0.428125 0.0578125 0.08541666666666667
0 0.3953125 0.5072916666666667 0.05 0.06458333333333333
0 0.38828125 0.6052083333333333 0.0421875 0.06458333333333333
0 0.403125 0.684375 0.040625 0.06041666666666667
0 0.3984375 0.7822916666666666 0.034375 0.052083333333333336
0 0.215625 0.6739583333333333 0.05 0.05625
0 0.032031250000000004 0.921875 0.06406250000000001 0.11041666666666666
0 0.06015625 0.7822916666666666 0.0578125 0.07291666666666667
0 0.2015625 0.9583333333333334 0.05625 0.07916666666666666
0 0.14375000000000002 0.9552083333333333 0.046875 0.07291666666666667
0 0.3296875 0.7770833333333333 0.034375 0.04583333333333333
0 0.3515625 0.740625 0.034375 0.04375
0 0.34140625 0.578125 0.0390625 0.052083333333333336
0 0.33671875 0.7020833333333333 0.0390625 0.05
0 0.23828125 0.3875 0.035937500000000004 0.05
0 0.26953125 0.37083333333333335 0.0328125 0.04583333333333333
0 0.2578125 0.30625 0.040625 0.05
0 0.15781250000000002 0.44687499999999997 0.040625 0.04375
0 0.15390625000000002 0.490625 0.0390625 0.04375
0 0.1421875 0.5583333333333333 0.037500000000000006 0.041666666666666664
0 0.017968750000000002 0.43645833333333334 0.035937500000000004 0.04791666666666666
0 0.15390625000000002 0.228125 0.045312500000000006 0.05625
0 0.1125 0.04583333333333333 0.040625 0.05416666666666667
0 0.11406250000000001 0.3770833333333333 0.037500000000000006 0.041666666666666664
0 0.13203125000000002 0.4166666666666667 0.035937500000000004 0.05
0 0.08125 0.43645833333333334 0.028125 0.03958333333333333
0 0.07109375 0.4635416666666667 0.0234375 0.035416666666666666
0 0.24375000000000002 0.93125 0.05 0.07083333333333333
