0 0.46328125000000003 0.3625 0.0890625 0.11666666666666667
0 0.5578125 0.25729166666666664 0.078125 0.10208333333333333
0 0.6109375 0.171875 0.078125 0.10208333333333333
0 0.81640625 0.7958333333333333 0.0765625 0.09166666666666666
0 0.7039062500000001 0.51875 0.0703125 0.10416666666666667
0 0.7125 0.32395833333333335 0.078125 0.11041666666666666
0 0.8375 0.3072916666666667 0.07187500000000001 0.09791666666666667
0 0.9281250000000001 0.6677083333333333 0.059375000000000004 0.07291666666666667
0 0.81015625 0.7260416666666667 0.06406250000000001 0.07708333333333334
0 0.31640625 0.559375 0.0390625 0.052083333333333336
0 0.09062500000000001 0.153125 0.040625 0.05625
0 0.41015625 0.49895833333333334 0.0390625 0.052083333333333336
0 0.19140625 0.41354166666666664 0.0390625 0.052083333333333336
0 0.1765625 0.07395833333333333 0.034375 0.04375
0 0.25078125 0.022916666666666665 0.029687500000000002 0.041666666666666664
