0 0.6312500000000001 0.16770833333333332 0.08750000000000001 0.12708333333333333
0 0.7484375000000001 0.175 0.06875 0.10416666666666667
0 0.640625 0.3208333333333333 0.08750000000000001 0.11666666666666667
0 0.7703125000000001 0.325 0.07187500000000001 0.09583333333333333
0 0.58046875 0.3697916666666667 0.09843750000000001 0.12708333333333333
0 0.6359375 0.5302083333333333 0.08125 0.12708333333333333
0 0.4890625 0.8677083333333333 0.125 0.16875
0 0.1453125 0.9166666666666666 0.09375 0.125
0 0.17343750000000002 0.7729166666666667 0.084375 0.10833333333333334
0 0.27968750000000003 0.4479166666666667 0.06875 0.1
0 0.30546875 0.40625 0.060937500000000006 0.0875
0 0.40937500000000004 0.06145833333333333 0.065625 0.09375
