0 0.58515625 0.4666666666666667 0.1265625 0.17083333333333334
0 0.49375 0.35625 0.09375 0.11666666666666667
0 0.63203125 0.7833333333333333 0.11093750000000001 0.1625
0 0.8679687500000001 0.8302083333333333 0.1765625 0.21875
0 0.94453125 0.6677083333333333 0.1078125 0.14791666666666667
0 0.7195312500000001 0.95 0.1265625 0.09583333333333333
0 0.5890625 0.8802083333333334 0.096875 0.12291666666666666
0 0.41328125000000004 0.5677083333333334 0.09843750000000001 0.13541666666666666
0 0.34921875 0.46875 0.0671875 0.09583333333333333
0 0.58125 0.33125 0.09062500000000001 0.1
0 0.6257812500000001 0.22708333333333333 0.051562500000000004 0.07916666666666666
0 0.21953125 0.7416666666666667 0.08281250000000001 0.1
0 0.14609375 0.6020833333333333 0.0765625 0.14583333333333334
0 0.022656250000000003 0.76875 0.045312500000000006 0.12916666666666665
0 0.23203125000000002 0.9302083333333333 0.0671875 0.08958333333333333
