0 0.5632812500000001 0.3145833333333333 0.06406250000000001 0.0875
0 0.7742187500000001 0.40520833333333334 0.0671875 0.08541666666666667
0 0.67890625 0.12708333333333333 0.0734375 0.10416666666666667
0 0.6898437500000001 0.18541666666666667 0.0703125 0.07916666666666666
0 0.58515625 0.11354166666666667 0.0703125 0.08541666666666667
0 0.35234375 0.45729166666666665 0.0328125 0.04375
0 0.47890625000000003 0.7458333333333333 0.0546875 0.075
0 0.48203125 0.8510416666666667 0.051562500000000004 0.07291666666666667
0 0.18984375 0.44895833333333335 0.045312500000000006 0.052083333333333336
0 0.12265625000000001 0.54375 0.0421875 0.05416666666666667
0 0.30703125000000003 0.32395833333333335 0.0390625 0.04791666666666666
0 0.33437500000000003 0.36666666666666664 0.03125 0.041666666666666664
0 0.38046875 0.421875 0.029687500000000002 0.04375
0 0.62109375 0.3489583333333333 0.0578125 0.07708333333333334
0 0.1375 0.30104166666666665 0.037500000000000006 0.04791666666666666
0 0.178125 0.303125 0.037500000000000006 0.052083333333333336
0 0.18515625000000002 0.37395833333333334 0.0421875 0.052083333333333336
0 0.32890625 0.21041666666666667 0.029687500000000002 0.041666666666666664
0 0.35390625000000003 0.22395833333333334 0.0234375 0.03125
0 0.37890625 0.18229166666666666 0.0203125 0.03125
0 0.37265625 0.12604166666666666 0.026562500000000003 0.035416666666666666
