0 0.496875 0.47291666666666665 0.046875 0.07916666666666666
0 0.7000000000000001 0.80625 0.053125000000000006 0.06666666666666667
0 0.6890625 0.8833333333333333 0.065625 0.0875
0 0.43359375 0.859375 0.0671875 0.09375
0 0.47890625000000003 0.7802083333333333 0.0421875 0.06458333333333333
0 0.496875 0.7135416666666666 0.043750000000000004 0.052083333333333336
0 0.28750000000000003 0.7489583333333333 0.065625 0.07291666666666667
0 0.23750000000000002 0.7885416666666667 0.059375000000000004 0.08125
0 0.20390625 0.7875 0.0484375 0.058333333333333334
0 0.2390625 0.8979166666666667 0.053125000000000006 0.075
0 0.265625 0.7041666666666666 0.0625 0.075
0 0.27734375 0.6020833333333333 0.045312500000000006 0.07083333333333333
0 0.46875 0.4114583333333333 0.043750000000000004 0.06875
0 0.52265625 0.45625 0.045312500000000006 0.07083333333333333
0 0.5320312500000001 0.39166666666666666 0.0484375 0.0625
0 0.26953125 0.175 0.0671875 0.09166666666666666
0 0.29140625000000003 0.2833333333333333 0.045312500000000006 0.06666666666666667
