0 0.8734375000000001 0.540625 0.06875 0.09375
0 0.96015625 0.5447916666666667 0.0765625 0.10208333333333333
0 0.8859375 0.6375 0.0625 0.075
0 0.40546875000000004 0.821875 0.0578125 0.07291666666666667
0 0.40937500000000004 0.9239583333333333 0.06875 0.09375
0 0.17265625 0.9177083333333333 0.0578125 0.07708333333333334
0 0.16875 0.8395833333333333 0.065625 0.07083333333333333
0 0.03671875 0.5833333333333334 0.0734375 0.09583333333333333
0 0.07734375 0.5395833333333333 0.0734375 0.08333333333333333
0 0.08125 0.45729166666666665 0.0625 0.08125
0 0.025 0.3885416666666667 0.05 0.08541666666666667
0 0.0421875 0.9166666666666666 0.084375 0.10416666666666667
