0 0.69296875 0.48541666666666666 0.09531250000000001 0.13333333333333333
0 0.64765625 0.659375 0.0671875 0.10625
0 0.6000000000000001 0.775 0.07187500000000001 0.1
0 0.6312500000000001 0.8 0.065625 0.10416666666666667
0 0.70078125 0.359375 0.0859375 0.10625
0 0.70859375 0.21666666666666667 0.0921875 0.11666666666666667
0 0.7828125 0.28125 0.096875 0.12083333333333333
0 0.7562500000000001 0.10729166666666666 0.09062500000000001 0.10208333333333333
0 0.8296875 0.07291666666666667 0.059375000000000004 0.08333333333333333
0 0.29296875 0.828125 0.045312500000000006 0.06041666666666667
0 0.01953125 0.44166666666666665 0.0390625 0.075
0 0.026562500000000003 0.24166666666666667 0.053125000000000006 0.0875
0 0.13593750000000002 0.25729166666666664 0.05 0.06041666666666667
0 0.14296875 0.2 0.045312500000000006 0.058333333333333334
0 0.32734375000000004 0.44895833333333335 0.0578125 0.08125
0 0.30078125 0.578125 0.0546875 0.07708333333333334
0 0.31093750000000003 0.2635416666666667 0.065625 0.07708333333333334
0 0.0328125 0.13854166666666667 0.065625 0.08541666666666667
