0 0.5296875 0.14166666666666666 0.07500000000000001 0.1125
0 0.46875 0.3072916666666667 0.08750000000000001 0.11041666666666666
0 0.48984375 0.45625 0.07968750000000001 0.1125
0 0.55703125 0.5197916666666667 0.0921875 0.11041666666666666
0 0.4296875 0.6427083333333333 0.08125 0.09791666666666667
0 0.30703125000000003 0.646875 0.0921875 0.09791666666666667
0 0.27265625 0.7708333333333334 0.0890625 0.10416666666666667
0 0.50625 0.6895833333333333 0.084375 0.12083333333333333
0 0.6078125000000001 0.703125 0.084375 0.10625
0 0.71640625 0.19583333333333333 0.0703125 0.1
