0 0.478125 0.6572916666666666 0.13125 0.16458333333333333
0 0.8296875 0.4302083333333333 0.08125 0.11458333333333333
0 0.6734375 0.18125 0.10625000000000001 0.175
0 0.5789062500000001 0.44479166666666664 0.045312500000000006 0.06041666666666667
0 0.63046875 0.503125 0.045312500000000006 0.052083333333333336
0 0.7703125000000001 0.23020833333333332 0.096875 0.14791666666666667
0 0.7601562500000001 0.052083333333333336 0.11093750000000001 0.10416666666666667
0 0.9328125 0.25 0.10312500000000001 0.14166666666666666
0 0.96796875 0.4125 0.060937500000000006 0.14166666666666666
0 0.9359375000000001 0.9208333333333333 0.125 0.15416666666666667
0 0.5953125 0.8468749999999999 0.10312500000000001 0.12708333333333333
