0 0.50703125 0.5135416666666667 0.0328125 0.04375
0 0.40390625 0.69375 0.0328125 0.041666666666666664
0 0.18359375 0.01875 0.0390625 0.0375
0 0.21875 0.05520833333333333 0.040625 0.05625
0 0.26015625000000003 0.04791666666666666 0.0421875 0.05416666666666667
0 0.22187500000000002 0.19791666666666666 0.037500000000000006 0.05
0 0.17578125 0.20625 0.0328125 0.041666666666666664
0 0.1296875 0.22916666666666666 0.034375 0.0375
0 0.1234375 0.271875 0.028125 0.03958333333333333
0 0.09296875 0.27708333333333335 0.029687500000000002 0.0375
0 0.08281250000000001 0.3125 0.028125 0.0375
0 0.24375000000000002 0.23333333333333334 0.034375 0.05
0 0.32421875 0.31875 0.0390625 0.05
0 0.284375 0.39791666666666664 0.028125 0.041666666666666664
0 0.35390625000000003 0.3729166666666667 0.0390625 0.04583333333333333
0 0.36562500000000003 0.41770833333333335 0.034375 0.04791666666666666
0 0.27109375 0.6354166666666666 0.029687500000000002 0.041666666666666664
0 0.14296875 0.5520833333333334 0.035937500000000004 0.041666666666666664
0 0.4859375 0.2895833333333333 0.034375 0.041666666666666664
0 0.5546875 0.14479166666666665 0.03125 0.03958333333333333
0 0.8132812500000001 0.44479166666666664 0.029687500000000002 0.03958333333333333
0 0.7820312500000001 0.4270833333333333 0.026562500000000003 0.0375
0 0.784375 0.4739583333333333 0.028125 0.035416666666666666
0 0.8132812500000001 0.503125 0.0328125 0.03958333333333333
0 0.6046875 0.871875 0.034375 0.04375
0 0.5921875 0.928125 0.034375 0.052083333333333336
0 0.3359375 0.71875 0.025 0.03333333333333333
0 0.17265625 0.7145833333333333 0.0328125 0.04583333333333333
0 0.25078125 0.5708333333333333 0.035937500000000004 0.05
0 0.5140625 0.36666666666666664 0.025 0.03333333333333333
0 0.80390625 0.9052083333333333 0.035937500000000004 0.052083333333333336
0 0.98359375 0.6333333333333333 0.029687500000000002 0.025
0 0.98828125 0.653125 0.0203125 0.027083333333333334
0 0.9859375 0.6833333333333333 0.025 0.03333333333333333
