0 0.5265625 0.3729166666666667 0.1 0.10833333333333334
0 0.8296875 0.646875 0.10625000000000001 0.12708333333333333
0 0.78671875 0.5354166666666667 0.0671875 0.07083333333333333
0 0.64375 0.628125 0.065625 0.06875
0 0.540625 0.5416666666666666 0.078125 0.1
0 0.47578125000000004 0.46249999999999997 0.08281250000000001 0.1
0 0.51484375 0.8916666666666666 0.0859375 0.10833333333333334
0 0.50390625 0.75625 0.0671875 0.1
0 0.290625 0.865625 0.09375 0.11458333333333333
0 0.17890625000000002 0.5104166666666666 0.0421875 0.05416666666666667
0 0.215625 0.47291666666666665 0.040625 0.04583333333333333
0 0.13203125000000002 0.5 0.0421875 0.05416666666666667
0 0.29375 0.30833333333333335 0.037500000000000006 0.05
0 0.39453125 0.14375 0.035937500000000004 0.041666666666666664
0 0.22421875000000002 0.85 0.035937500000000004 0.05416666666666667
0 0.10546875 0.2989583333333333 0.0421875 0.04791666666666666
