0 0.0546875 0.4770833333333333 0.059375000000000004 0.07083333333333333
0 0.09453125000000001 0.40729166666666666 0.060937500000000006 0.06875
0 0.11484375000000001 0.528125 0.051562500000000004 0.06875
0 0.171875 0.5041666666666667 0.05 0.06666666666666667
0 0.2078125 0.5416666666666666 0.046875 0.058333333333333334
0 0.25546875 0.5125 0.0546875 0.075
0 0.328125 0.42291666666666666 0.053125000000000006 0.075
0 0.29453125 0.38125 0.045312500000000006 0.0625
0 0.38203125000000004 0.4739583333333333 0.0546875 0.07291666666666667
0 0.43515625 0.51875 0.0546875 0.07083333333333333
0 0.5046875000000001 0.53125 0.040625 0.0625
0 0.43125 0.6 0.040625 0.05416666666666667
0 0.6648437500000001 0.621875 0.029687500000000002 0.04791666666666666
0 0.68125 0.6625 0.040625 0.05
0 0.88984375 0.5895833333333333 0.060937500000000006 0.07083333333333333
0 0.7781250000000001 0.46458333333333335 0.059375000000000004 0.06666666666666667
0 0.6515625 0.428125 0.05 0.07708333333333334
0 0.47265625 0.8447916666666666 0.0421875 0.06875
0 0.68515625 0.8729166666666667 0.029687500000000002 0.041666666666666664
0 0.7203125 0.9197916666666667 0.028125 0.04375
0 0.79609375 0.8239583333333333 0.0328125 0.04791666666666666
0 0.8265625000000001 0.8333333333333334 0.040625 0.041666666666666664
0 0.8210937500000001 0.8833333333333333 0.026562500000000003 0.0375
0 0.58984375 0.5489583333333333 0.029687500000000002 0.03958333333333333
0 0.665625 0.5635416666666666 0.028125 0.035416666666666666
0 0.5281250000000001 0.6666666666666666 0.046875 0.058333333333333334
0 0.2328125 0.71875 0.03125 0.0375
0 0.30078125 0.753125 0.0328125 0.035416666666666666
0 0.30000000000000004 0.7958333333333333 0.03125 0.041666666666666664
