0 0.45078125 0.5208333333333334 0.0484375 0.075
0 0.41250000000000003 0.4791666666666667 0.05 0.06666666666666667
0 0.45390625 0.4166666666666667 0.0546875 0.06666666666666667
0 0.63671875 0.853125 0.0484375 0.06041666666666667
0 0.6101562500000001 0.9125 0.045312500000000006 0.0625
0 0.6531250000000001 0.965625 0.046875 0.06041666666666667
0 0.7609375 0.7260416666666667 0.034375 0.03958333333333333
0 0.7640625000000001 0.7864583333333334 0.040625 0.05625
0 0.87265625 0.9510416666666667 0.0546875 0.06458333333333333
0 0.69921875 0.9395833333333333 0.051562500000000004 0.07083333333333333
0 0.87421875 0.7479166666666667 0.0484375 0.05416666666666667
0 0.83125 0.79375 0.03125 0.05416666666666667
0 0.11171875 0.046875 0.045312500000000006 0.05625
0 0.11640625 0.13020833333333334 0.035937500000000004 0.052083333333333336
0 0.084375 0.14375 0.037500000000000006 0.04583333333333333
0 0.084375 0.178125 0.037500000000000006 0.04375
0 0.07187500000000001 0.209375 0.040625 0.04791666666666666
0 0.12890625 0.2677083333333333 0.0328125 0.03958333333333333
0 0.503125 0.225 0.018750000000000003 0.025
0 0.45156250000000003 0.3104166666666667 0.021875000000000002 0.029166666666666667
0 0.95625 0.134375 0.025 0.035416666666666666
