0 0.6140625000000001 0.5697916666666667 0.065625 0.08958333333333333
0 0.553125 0.7302083333333333 0.065625 0.10625
0 0.6109375 0.6854166666666667 0.059375000000000004 0.08333333333333333
0 0.6429687500000001 0.73125 0.0703125 0.10416666666666667
0 0.696875 0.803125 0.08125 0.08958333333333333
0 0.9625 0.6177083333333333 0.07187500000000001 0.10625
0 0.7703125000000001 0.43333333333333335 0.078125 0.08333333333333333
0 0.8304687500000001 0.3614583333333333 0.07968750000000001 0.10625
0 0.06640625 0.5135416666666667 0.0546875 0.06041666666666667
0 0.29375 0.678125 0.053125000000000006 0.05625
0 0.3921875 0.8385416666666666 0.0625 0.07291666666666667
0 0.6234375000000001 0.9635416666666666 0.05625 0.06875
0 0.4 0.17708333333333334 0.07187500000000001 0.0875
