0 0.31875000000000003 0.7041666666666666 0.109375 0.14166666666666666
0 0.3375 0.509375 0.096875 0.14375
0 0.13593750000000002 0.3052083333333333 0.11875000000000001 0.16458333333333333
0 0.31796875 0.041666666666666664 0.09843750000000001 0.08333333333333333
0 0.5703125 0.10520833333333333 0.109375 0.15625
0 0.625 0.21562499999999998 0.1 0.12291666666666666
0 0.696875 0.33958333333333335 0.12187500000000001 0.15
0 0.7429687500000001 0.296875 0.0890625 0.13125
0 0.6976562500000001 0.5208333333333334 0.13593750000000002 0.1875
0 0.7000000000000001 0.7166666666666667 0.14375000000000002 0.16666666666666666
0 0.7406250000000001 0.79375 0.084375 0.1
0 0.015625 0.6572916666666666 0.03125 0.05625
0 0.049218750000000006 0.734375 0.035937500000000004 0.04791666666666666
