0 0.7468750000000001 0.49895833333333334 0.07500000000000001 0.09791666666666667
0 0.56484375 0.8739583333333333 0.08281250000000001 0.12708333333333333
0 0.30390625000000004 0.871875 0.0765625 0.09791666666666667
0 0.34296875000000004 0.7635416666666667 0.06406250000000001 0.08125
0 0.40859375000000003 0.6572916666666666 0.0671875 0.09791666666666667
0 0.46640625 0.31979166666666664 0.0765625 0.11041666666666666
0 0.36328125 0.20416666666666666 0.051562500000000004 0.075
0 0.7359375 0.353125 0.07187500000000001 0.09791666666666667
0 0.6976562500000001 0.2604166666666667 0.0703125 0.09583333333333333
0 0.86640625 0.7458333333333333 0.0765625 0.0875
0 0.18515625000000002 0.12604166666666666 0.051562500000000004 0.06875
0 0.1921875 0.04895833333333333 0.059375000000000004 0.08125
