0 0.7039062500000001 0.5291666666666667 0.045312500000000006 0.05416666666666667
0 0.7046875 0.46979166666666666 0.046875 0.05625
0 0.7359375 0.4375 0.040625 0.058333333333333334
0 0.7976562500000001 0.509375 0.0546875 0.06041666666666667
0 0.8132812500000001 0.6052083333333333 0.06406250000000001 0.06458333333333333
0 0.48984375 0.49895833333333334 0.0328125 0.04791666666666666
0 0.34218750000000003 0.26458333333333334 0.028125 0.0375
0 0.39765625000000004 0.23541666666666666 0.0328125 0.0375
0 0.40234375 0.271875 0.029687500000000002 0.03958333333333333
0 0.46328125000000003 0.26145833333333335 0.029687500000000002 0.035416666666666666
0 0.65 0.353125 0.037500000000000006 0.04791666666666666
0 0.7664062500000001 0.20208333333333334 0.0484375 0.05
0 0.46171875 0.540625 0.026562500000000003 0.03958333333333333
0 0.45156250000000003 0.6385416666666667 0.025 0.03125
0 0.5164062500000001 0.69375 0.026562500000000003 0.03333333333333333
0 0.759375 0.871875 0.037500000000000006 0.04791666666666666
0 0.6976562500000001 0.6802083333333333 0.0421875 0.06041666666666667
0 0.703125 0.7239583333333334 0.037500000000000006 0.04791666666666666
0 0.309375 0.2552083333333333 0.028125 0.03958333333333333
0 0.36953125000000003 0.18125 0.0328125 0.04583333333333333
0 0.403125 0.18125 0.028125 0.041666666666666664
0 0.34765625 0.453125 0.0234375 0.035416666666666666
0 0.3796875 0.475 0.025 0.0375
0 0.35625 0.509375 0.025 0.03125
0 0.63828125 0.465625 0.029687500000000002 0.04791666666666666
0 0.92109375 0.9697916666666666 0.0484375 0.05625
