0 0.37578125 0.340625 0.1484375 0.22291666666666665
0 0.24140625000000002 0.37083333333333335 0.1390625 0.19166666666666665
0 0.08515625 0.678125 0.1703125 0.24791666666666667
0 0.5671875000000001 0.6645833333333333 0.1375 0.20833333333333334
0 0.76171875 0.16458333333333333 0.1453125 0.20416666666666666
0 0.9476562500000001 0.11875 0.1015625 0.2375
0 0.9398437500000001 0.8635416666666667 0.1171875 0.22291666666666665
0 0.56171875 0.91875 0.1546875 0.15833333333333333
0 0.13046875 0.07916666666666666 0.1765625 0.15833333333333333
0 0.36953125000000003 0.03854166666666667 0.1484375 0.07708333333333334
0 0.665625 0.27708333333333335 0.125 0.19583333333333333
0 0.053125000000000006 0.4614583333333333 0.10625000000000001 0.16875
