0 0.540625 0.5520833333333334 0.07187500000000001 0.10416666666666667
0 0.603125 0.54375 0.05625 0.09583333333333333
0 0.6421875 0.6177083333333333 0.05 0.07291666666666667
0 0.76953125 0.4458333333333333 0.0578125 0.075
0 0.6375000000000001 0.21145833333333333 0.059375000000000004 0.08958333333333333
0 0.52265625 0.7677083333333333 0.060937500000000006 0.08125
0 0.13828125 0.8614583333333333 0.0734375 0.11041666666666666
0 0.20625000000000002 0.46458333333333335 0.037500000000000006 0.058333333333333334
0 0.2515625 0.4770833333333333 0.037500000000000006 0.05416666666666667
0 0.1921875 0.8989583333333333 0.065625 0.08125
