0 0.5859375 0.09270833333333334 0.115625 0.16875
0 0.6414062500000001 0.390625 0.11406250000000001 0.16041666666666665
0 0.8796875000000001 0.3208333333333333 0.09375 0.12916666666666665
0 0.8015625000000001 0.40625 0.10312500000000001 0.12916666666666665
0 0.56875 0.678125 0.115625 0.15625
0 0.6921875000000001 0.5989583333333334 0.10312500000000001 0.13125
0 0.8226562500000001 0.790625 0.1078125 0.15208333333333332
0 0.9328125 0.9197916666666667 0.13125 0.15625
0 0.10625000000000001 0.4458333333333333 0.125 0.15416666666666667
0 0.2109375 0.5677083333333334 0.109375 0.13958333333333334
0 0.43593750000000003 0.740625 0.07500000000000001 0.11041666666666666
0 0.2828125 0.7572916666666667 0.078125 0.10208333333333333
