0 0.72578125 0.39479166666666665 0.029687500000000002 0.04375
0 0.73203125 0.4708333333333333 0.029687500000000002 0.041666666666666664
0 0.07500000000000001 0.7458333333333333 0.03125 0.041666666666666664
0 0.43593750000000003 0.86875 0.03125 0.04583333333333333
0 0.49765625 0.9125 0.026562500000000003 0.0375
0 0.43281250000000004 0.7979166666666666 0.03125 0.04583333333333333
0 0.19453125000000002 0.690625 0.026562500000000003 0.035416666666666666
0 0.18359375 0.65 0.0203125 0.03333333333333333
0 0.21406250000000002 0.6125 0.025 0.0375
0 0.18125000000000002 0.7020833333333333 0.025 0.0375
0 0.37109375 0.4635416666666667 0.029687500000000002 0.03958333333333333
0 0.46328125000000003 0.571875 0.0234375 0.035416666666666666
0 0.39375000000000004 0.6947916666666667 0.028125 0.035416666666666666
0 0.5390625 0.6041666666666666 0.028125 0.041666666666666664
0 0.5328125 0.4458333333333333 0.03125 0.041666666666666664
0 0.7203125 0.5260416666666666 0.03125 0.035416666666666666
0 0.728125 0.5666666666666667 0.028125 0.0375
0 0.7289062500000001 0.9802083333333333 0.0421875 0.035416666666666666
0 0.48984375 0.22083333333333333 0.026562500000000003 0.041666666666666664
0 0.371875 0.23229166666666667 0.028125 0.04375
0 0.5109375 0.175 0.028125 0.0375
0 0.8460937500000001 0.7427083333333333 0.0328125 0.05625
0 0.7328125000000001 0.7635416666666667 0.028125 0.03958333333333333
