0 0.18906250000000002 0.6364583333333333 0.025 0.035416666666666666
0 0.25859375 0.6416666666666666 0.029687500000000002 0.0375
0 0.33046875000000003 0.5979166666666667 0.0203125 0.029166666666666667
0 0.34765625 0.5864583333333333 0.0203125 0.027083333333333334
0 0.33359375 0.5510416666666667 0.0171875 0.027083333333333334
0 0.8515625 0.8364583333333333 0.03125 0.04375
0 0.8343750000000001 0.8510416666666667 0.025 0.03958333333333333
0 0.9593750000000001 0.609375 0.03125 0.04791666666666666
0 0.8445312500000001 0.6333333333333333 0.026562500000000003 0.0375
0 0.8382812500000001 0.3572916666666667 0.029687500000000002 0.03958333333333333
0 0.5750000000000001 0.7375 0.03125 0.041666666666666664
0 0.56875 0.675 0.025 0.0375
0 0.35781250000000003 0.521875 0.021875000000000002 0.03125
0 0.49609375 0.37395833333333334 0.026562500000000003 0.03958333333333333
0 0.52578125 0.5822916666666667 0.026562500000000003 0.035416666666666666
0 0.6421875 0.35104166666666664 0.025 0.035416666666666666
0 0.62890625 0.7729166666666667 0.0234375 0.03333333333333333
0 0.74140625 0.7239583333333334 0.0234375 0.03125
0 0.65546875 0.49895833333333334 0.029687500000000002 0.03958333333333333
0 0.6156250000000001 0.45625 0.025 0.041666666666666664
0 0.5828125000000001 0.46875 0.028125 0.041666666666666664
0 0.48671875000000003 0.16145833333333334 0.0234375 0.035416666666666666
0 0.5906250000000001 0.13645833333333332 0.028125 0.04375
0 0.6046875 0.08541666666666667 0.028125 0.04583333333333333
0 0.8343750000000001 0.4510416666666667 0.025 0.035416666666666666
