0 0.58359375 0.6822916666666666 0.029687500000000002 0.03958333333333333
0 0.5875 0.8791666666666667 0.03125 0.04583333333333333
0 0.7054687500000001 0.9625 0.029687500000000002 0.0375
0 0.703125 0.9177083333333333 0.028125 0.03958333333333333
0 0.91796875 0.665625 0.0328125 0.04791666666666666
0 0.571875 0.8229166666666666 0.03125 0.041666666666666664
0 0.32343750000000004 0.61875 0.03125 0.0375
0 0.3796875 0.65 0.021875000000000002 0.03333333333333333
0 0.6726562500000001 0.4666666666666667 0.029687500000000002 0.041666666666666664
0 0.83359375 0.34270833333333334 0.029687500000000002 0.04791666666666666
0 0.890625 0.3958333333333333 0.034375 0.0375
0 0.9078125 0.45208333333333334 0.03125 0.04583333333333333
0 0.31328125 0.5583333333333333 0.026562500000000003 0.041666666666666664
0 0.26875 0.47291666666666665 0.03125 0.04583333333333333
0 0.565625 0.23645833333333333 0.028125 0.03958333333333333
0 0.5578125 0.165625 0.028125 0.04375
0 0.44375000000000003 0.029166666666666667 0.028125 0.0375
0 0.7984375 0.7875 0.03125 0.041666666666666664
0 0.578125 0.49895833333333334 0.025 0.035416666666666666
0 0.97421875 0.2739583333333333 0.0328125 0.04791666666666666
0 0.60859375 0.15208333333333332 0.0234375 0.03333333333333333
0 0.5640625 0.32916666666666666 0.025 0.03333333333333333
0 0.37812500000000004 0.225 0.021875000000000002 0.03333333333333333
0 0.728125 0.5125 0.03125 0.05
0 0.321875 0.35 0.028125 0.041666666666666664
0 0.22187500000000002 0.2520833333333333 0.03125 0.04583333333333333
0 0.046875 0.5 0.021875000000000002 0.03333333333333333
0 0.06406250000000001 0.4895833333333333 0.021875000000000002 0.0375
0 0.07265625 0.41354166666666664 0.026562500000000003 0.03125
0 0.04609375 0.45416666666666666 0.026562500000000003 0.03333333333333333
0 0.39687500000000003 0.375 0.028125 0.041666666666666664
0 0.89453125 0.6677083333333333 0.026562500000000003 0.035416666666666666
0 0.5125000000000001 0.4145833333333333 0.018750000000000003 0.025
0 0.5265625 0.36354166666666665 0.018750000000000003 0.022916666666666665
0 0.5234375 0.3885416666666667 0.018750000000000003 0.022916666666666665
