0 0.76953125 0.7864583333333334 0.029687500000000002 0.04375
0 0.9710937500000001 0.6416666666666666 0.0328125 0.041666666666666664
0 0.96875 0.7322916666666667 0.034375 0.04375
0 0.7796875000000001 0.521875 0.028125 0.03958333333333333
0 0.8851562500000001 0.4354166666666667 0.0328125 0.04583333333333333
0 0.73046875 0.7666666666666666 0.0328125 0.04583333333333333
0 0.3140625 0.884375 0.034375 0.04791666666666666
0 0.54609375 0.921875 0.0234375 0.03125
0 0.5640625 0.9489583333333333 0.025 0.035416666666666666
0 0.6570312500000001 0.9458333333333333 0.026562500000000003 0.03333333333333333
0 0.18515625000000002 0.609375 0.0328125 0.04375
0 0.10234375000000001 0.8020833333333334 0.035937500000000004 0.05416666666666667
0 0.035937500000000004 0.78125 0.03125 0.05
0 0.6195312500000001 0.65 0.026562500000000003 0.041666666666666664
0 0.5710937500000001 0.3125 0.0234375 0.04583333333333333
0 0.603125 0.3104166666666667 0.028125 0.05
0 0.8078125 0.4635416666666667 0.028125 0.035416666666666666
0 0.7835937500000001 0.425 0.0328125 0.04583333333333333
0 0.92109375 0.6458333333333334 0.035937500000000004 0.04583333333333333
0 0.2484375 0.64375 0.034375 0.041666666666666664
0 0.27421875 0.6875 0.029687500000000002 0.0375
0 0.2984375 0.5135416666666667 0.03125 0.04791666666666666
0 0.1171875 0.76875 0.03125 0.041666666666666664
0 0.5734375 0.5635416666666666 0.025 0.03958333333333333
