0 0.6984375 0.71875 0.03125 0.041666666666666664
0 0.73359375 0.7385416666666667 0.0328125 0.04375
0 0.9304687500000001 0.6864583333333333 0.0328125 0.04375
0 0.9359375000000001 0.5989583333333334 0.037500000000000006 0.04791666666666666
0 0.8890625000000001 0.6010416666666667 0.03125 0.04375
0 0.7507812500000001 0.47812499999999997 0.026562500000000003 0.04375
0 0.7578125 0.38229166666666664 0.028125 0.03958333333333333
0 0.7781250000000001 0.4197916666666667 0.03125 0.04791666666666666
0 0.5453125 0.26458333333333334 0.028125 0.04583333333333333
0 0.5789062500000001 0.2625 0.026562500000000003 0.05
0 0.27890625 0.828125 0.029687500000000002 0.04791666666666666
0 0.5125000000000001 0.8739583333333333 0.021875000000000002 0.035416666666666666
0 0.53125 0.9 0.021875000000000002 0.03333333333333333
0 0.61640625 0.890625 0.026562500000000003 0.03958333333333333
0 0.5906250000000001 0.6041666666666666 0.021875000000000002 0.0375
0 0.54609375 0.515625 0.026562500000000003 0.03958333333333333
0 0.18046875 0.928125 0.0328125 0.04375
0 0.14765625000000002 0.5541666666666667 0.029687500000000002 0.04583333333333333
0 0.21171875 0.5864583333333333 0.029687500000000002 0.035416666666666666
0 0.23984375000000002 0.6333333333333333 0.026562500000000003 0.041666666666666664
0 0.06328125 0.7489583333333333 0.035937500000000004 0.04791666666666666
0 0.07890625000000001 0.7145833333333333 0.0328125 0.041666666666666664
0 0.2671875 0.46041666666666664 0.03125 0.05
0 0.546875 0.6395833333333333 0.025 0.041666666666666664
0 0.33203125 0.59375 0.0234375 0.0375
