0 0.6570312500000001 0.6614583333333334 0.029687500000000002 0.035416666666666666
0 0.8953125000000001 0.5385416666666667 0.037500000000000006 0.04791666666666666
0 0.8851562500000001 0.625 0.029687500000000002 0.041666666666666664
0 0.8453125 0.540625 0.034375 0.04375
0 0.48203125 0.8239583333333333 0.0234375 0.035416666666666666
0 0.2390625 0.7854166666666667 0.03125 0.04583333333333333
0 0.10078125 0.5114583333333333 0.029687500000000002 0.04375
0 0.01953125 0.7104166666666667 0.035937500000000004 0.05416666666666667
0 0.03671875 0.6760416666666667 0.029687500000000002 0.04375
0 0.14375000000000002 0.890625 0.034375 0.04791666666666666
0 0.48515625 0.9520833333333333 0.0203125 0.03333333333333333
0 0.49921875000000004 0.8489583333333334 0.0203125 0.035416666666666666
0 0.584375 0.8375 0.021875000000000002 0.03333333333333333
0 0.6921875000000001 0.6822916666666666 0.034375 0.04791666666666666
0 0.8140625 0.33229166666666665 0.03125 0.04375
0 0.7109375 0.421875 0.028125 0.03958333333333333
0 0.71875 0.32395833333333335 0.03125 0.04375
0 0.73984375 0.3614583333333333 0.0328125 0.03958333333333333
0 0.50546875 0.46041666666666664 0.0234375 0.0375
0 0.55078125 0.5520833333333334 0.0234375 0.03333333333333333
0 0.5085937500000001 0.590625 0.0234375 0.035416666666666666
0 0.17109375000000002 0.5458333333333333 0.0390625 0.04583333333333333
0 0.19921875 0.5958333333333333 0.035937500000000004 0.05
0 0.22578125000000002 0.41562499999999997 0.035937500000000004 0.04791666666666666
0 0.5015625 0.20625 0.03125 0.05
0 0.675 0.88125 0.03125 0.05416666666666667
0 0.15625 0.9614583333333333 0.034375 0.04791666666666666
