0 0.4734375 0.525 0.08750000000000001 0.11666666666666667
0 0.6179687500000001 0.34375 0.0765625 0.10416666666666667
0 0.7234375000000001 0.428125 0.078125 0.11041666666666666
0 0.765625 0.7572916666666667 0.07500000000000001 0.11041666666666666
0 0.7546875000000001 0.8645833333333334 0.059375000000000004 0.075
0 0.71875 0.9572916666666667 0.053125000000000006 0.06041666666666667
0 0.55390625 0.8197916666666667 0.0734375 0.08958333333333333
0 0.5 0.7010416666666667 0.07500000000000001 0.10625
0 0.55078125 0.609375 0.0703125 0.08125
0 0.03125 0.096875 0.05 0.07708333333333334
0 0.3453125 0.5645833333333333 0.040625 0.0625
