0 0.52734375 0.5927083333333333 0.08281250000000001 0.11875
0 0.56640625 0.7395833333333334 0.0703125 0.1
0 0.67578125 0.38229166666666664 0.0765625 0.09791666666666667
0 0.7734375 0.4583333333333333 0.07187500000000001 0.10833333333333334
0 0.8515625 0.771875 0.07187500000000001 0.10208333333333333
0 0.8539062500000001 0.8781249999999999 0.06406250000000001 0.08125
0 0.82734375 0.9645833333333333 0.0546875 0.06666666666666667
0 0.6218750000000001 0.8552083333333333 0.07500000000000001 0.09375
0 0.1234375 0.11770833333333333 0.053125000000000006 0.07291666666666667
0 0.16796875 0.21145833333333333 0.0484375 0.06875
0 0.27187500000000003 0.04375 0.046875 0.06666666666666667
0 0.14140625 0.065625 0.051562500000000004 0.06458333333333333
0 0.63203125 0.6364583333333333 0.060937500000000006 0.08958333333333333
