0 0.62109375 0.575 0.07968750000000001 0.10833333333333334
0 0.78046875 0.38229166666666664 0.0734375 0.10208333333333333
0 0.8835937500000001 0.46770833333333334 0.07968750000000001 0.11458333333333333
0 0.9382812500000001 0.7958333333333333 0.0734375 0.10416666666666667
0 0.9328125 0.903125 0.0625 0.07708333333333334
0 0.89765625 0.9739583333333334 0.0546875 0.04791666666666666
0 0.7000000000000001 0.8520833333333333 0.07500000000000001 0.1
0 0.6484375 0.725 0.065625 0.09583333333333333
0 0.71796875 0.6322916666666667 0.060937500000000006 0.08125
0 0.2828125 0.171875 0.046875 0.06875
0 0.2390625 0.075 0.043750000000000004 0.06666666666666667
0 0.58046875 0.05 0.0765625 0.1
0 0.390625 0.028125 0.05 0.05625
0 0.5828125000000001 0.27708333333333335 0.05 0.07083333333333333
0 0.014843750000000001 0.5947916666666666 0.029687500000000002 0.04375
0 0.06015625 0.6114583333333333 0.0328125 0.04791666666666666
0 0.07109375 0.5614583333333333 0.0390625 0.04791666666666666
0 0.34218750000000003 0.17083333333333334 0.028125 0.0375
0 0.26953125 0.030208333333333334 0.0546875 0.06041666666666667
0 0.55703125 0.5729166666666666 0.0390625 0.05416666666666667
