0 0.6953125 0.490625 0.06875 0.10625
0 0.72265625 0.9375 0.0921875 0.12083333333333333
0 0.93359375 0.5072916666666667 0.051562500000000004 0.06458333333333333
0 0.7781250000000001 0.365625 0.05 0.06458333333333333
0 0.03828125 0.6239583333333333 0.0765625 0.13125
0 0.06953125 0.309375 0.08281250000000001 0.11458333333333333
0 0.025 0.15625 0.05 0.08333333333333333
0 0.43515625 0.3645833333333333 0.0390625 0.05416666666666667
0 0.40468750000000003 0.2791666666666667 0.037500000000000006 0.058333333333333334
0 0.41640625000000003 0.20416666666666666 0.0421875 0.05416666666666667
