0 0.6843750000000001 0.8333333333333334 0.07500000000000001 0.10833333333333334
0 0.74765625 0.38958333333333334 0.0890625 0.12083333333333333
0 0.8835937500000001 0.22916666666666666 0.045312500000000006 0.058333333333333334
0 0.359375 0.5822916666666667 0.034375 0.052083333333333336
0 0.45 0.471875 0.040625 0.052083333333333336
0 0.10703125000000001 0.5583333333333333 0.0765625 0.09166666666666666
0 0.10312500000000001 0.33125 0.046875 0.0625
0 0.32343750000000004 0.42604166666666665 0.03125 0.03958333333333333
0 0.30781250000000004 0.3489583333333333 0.03125 0.04791666666666666
0 0.33906250000000004 0.240625 0.034375 0.052083333333333336
0 0.19609375 0.07916666666666666 0.045312500000000006 0.0625
0 0.02734375 0.20729166666666665 0.0484375 0.06041666666666667
0 0.06796875000000001 0.328125 0.0484375 0.06875
0 0.7125 0.69375 0.065625 0.0875
0 0.23750000000000002 0.784375 0.059375000000000004 0.08541666666666667
