0 0.4625 0.6447916666666667 0.05625 0.06875
0 0.8562500000000001 0.23124999999999998 0.053125000000000006 0.06666666666666667
0 0.6218750000000001 0.030208333333333334 0.043750000000000004 0.06041666666666667
0 0.7203125 0.21145833333333333 0.037500000000000006 0.05625
0 0.49375 0.8229166666666666 0.046875 0.06666666666666667
0 0.38125000000000003 0.7927083333333333 0.05 0.06458333333333333
0 0.33359375 0.61875 0.0390625 0.058333333333333334
0 0.69453125 0.9406249999999999 0.1078125 0.11458333333333333
0 0.15156250000000002 0.9447916666666667 0.08750000000000001 0.10625
0 0.45546875000000003 0.5697916666666667 0.0546875 0.06875
