0 0.6039062500000001 0.49166666666666664 0.0765625 0.10416666666666667
0 0.5953125 0.8312499999999999 0.05 0.07083333333333333
0 0.52734375 0.3541666666666667 0.0703125 0.1
0 0.43281250000000004 0.4979166666666667 0.05625 0.09166666666666666
0 0.11093750000000001 0.6625 0.065625 0.09583333333333333
0 0.07968750000000001 0.8458333333333333 0.0625 0.09583333333333333
0 0.065625 0.953125 0.06875 0.08958333333333333
0 0.32734375000000004 0.8260416666666667 0.051562500000000004 0.06875
0 0.134375 0.5041666666666667 0.059375000000000004 0.075
0 0.63203125 0.084375 0.026562500000000003 0.03958333333333333
0 0.5921875 0.13125 0.025 0.03333333333333333
0 0.6203125 0.146875 0.025 0.035416666666666666
0 0.6703125000000001 0.05 0.018750000000000003 0.029166666666666667
0 0.060937500000000006 0.35104166666666664 0.040625 0.05625
0 0.13984375000000002 0.36666666666666664 0.0421875 0.058333333333333334
0 0.02734375 0.4083333333333333 0.0421875 0.058333333333333334
0 0.6843750000000001 0.03333333333333333 0.018750000000000003 0.0375
