0 0.24296875 0.4666666666666667 0.1046875 0.13333333333333333
0 0.16328125000000002 0.6635416666666667 0.0671875 0.10625
0 0.7453125 0.79375 0.0625 0.07916666666666666
0 0.8125 0.85625 0.059375000000000004 0.06666666666666667
0 0.39140625 0.8010416666666667 0.07968750000000001 0.11041666666666666
0 0.39765625000000004 0.7302083333333333 0.07968750000000001 0.08541666666666667
0 0.43593750000000003 0.21562499999999998 0.05625 0.07708333333333334
0 0.34140625 0.13854166666666667 0.045312500000000006 0.06041666666666667
0 0.33437500000000003 0.21875 0.043750000000000004 0.058333333333333334
0 0.37421875000000004 0.21354166666666666 0.0421875 0.07291666666666667
0 0.7546875000000001 0.15729166666666666 0.05 0.06041666666666667
0 0.8953125000000001 0.4 0.053125000000000006 0.07083333333333333
0 0.2015625 0.03854166666666667 0.040625 0.06041666666666667
0 0.50234375 0.041666666666666664 0.051562500000000004 0.075
0 0.38515625000000003 0.11041666666666666 0.045312500000000006 0.0625
0 0.45546875000000003 0.11875 0.0484375 0.0625
0 0.85546875 0.03125 0.0578125 0.0625
