0 0.41718750000000004 0.6020833333333333 0.059375000000000004 0.07916666666666666
0 0.35234375 0.7791666666666667 0.060937500000000006 0.07916666666666666
0 0.71015625 0.8104166666666667 0.0546875 0.07916666666666666
0 0.9007812500000001 0.9520833333333333 0.06406250000000001 0.09166666666666666
0 0.7125 0.696875 0.053125000000000006 0.07291666666666667
0 0.81953125 0.553125 0.06406250000000001 0.08541666666666667
0 0.8695312500000001 0.42916666666666664 0.06406250000000001 0.09583333333333333
0 0.62109375 0.14375 0.0671875 0.08333333333333333
0 0.6703125000000001 0.20625 0.06875 0.09166666666666666
0 0.5515625000000001 0.12916666666666665 0.05 0.07916666666666666
0 0.6781250000000001 0.30833333333333335 0.040625 0.0625
0 0.63203125 0.29270833333333335 0.045312500000000006 0.05625
0 0.65234375 0.4479166666666667 0.0421875 0.0625
0 0.57265625 0.6041666666666666 0.0484375 0.075
0 0.38828125 0.3541666666666667 0.0578125 0.07916666666666666
0 0.309375 0.390625 0.053125000000000006 0.06875
0 0.2578125 0.6364583333333333 0.053125000000000006 0.06875
0 0.29921875000000003 0.7052083333333333 0.045312500000000006 0.06458333333333333
0 0.30859375 0.6197916666666666 0.0484375 0.06875
0 0.0421875 0.48854166666666665 0.046875 0.07708333333333334
0 0.06875 0.42083333333333334 0.043750000000000004 0.05416666666666667
0 0.23984375000000002 0.9697916666666666 0.0703125 0.05625
0 0.8171875000000001 0.746875 0.06875 0.08958333333333333
0 0.88046875 0.5552083333333333 0.06406250000000001 0.09791666666666667
0 0.52578125 0.30416666666666664 0.0578125 0.075
0 0.55 0.4083333333333333 0.053125000000000006 0.06666666666666667
0 0.2265625 0.3177083333333333 0.034375 0.052083333333333336
0 0.16640625 0.20729166666666665 0.0421875 0.04791666666666666
0 0.13125 0.453125 0.05 0.07291666666666667
