0 0.54609375 0.6083333333333333 0.1078125 0.1375
0 0.45390625 0.759375 0.1078125 0.14375
0 0.690625 0.3 0.10625000000000001 0.14583333333333334
0 0.70078125 0.051041666666666666 0.07968750000000001 0.10208333333333333
0 0.56015625 0.40520833333333334 0.08281250000000001 0.11875
0 0.659375 0.5572916666666666 0.1 0.11875
0 0.64609375 0.7125 0.09531250000000001 0.11666666666666667
0 0.7328125000000001 0.5760416666666667 0.065625 0.10208333333333333
0 0.7984375 0.7166666666666667 0.06875 0.0875
0 0.90546875 0.6635416666666667 0.09531250000000001 0.10625
0 0.640625 0.8760416666666666 0.078125 0.08541666666666667
0 0.80859375 0.6270833333333333 0.0421875 0.06666666666666667
0 0.84296875 0.7302083333333333 0.0671875 0.07708333333333334
