0 0.02734375 0.365625 0.0546875 0.11875
0 0.08203125 0.4270833333333333 0.0890625 0.10833333333333334
0 0.2890625 0.6645833333333333 0.06875 0.09166666666666666
0 0.23671875 0.784375 0.0734375 0.09375
0 0.42265625 0.80625 0.0734375 0.09583333333333333
0 0.13125 0.9562499999999999 0.07187500000000001 0.08333333333333333
0 0.18671875000000002 0.17083333333333334 0.045312500000000006 0.058333333333333334
0 0.53125 0.45208333333333334 0.040625 0.05416666666666667
0 0.690625 0.7822916666666666 0.043750000000000004 0.06041666666666667
0 0.7265625 0.7197916666666666 0.043750000000000004 0.05625
0 0.72578125 0.6645833333333333 0.0421875 0.05
0 0.87109375 0.6854166666666667 0.045312500000000006 0.058333333333333334
0 0.7742187500000001 0.6114583333333333 0.045312500000000006 0.06041666666666667
