0 0.34687500000000004 0.42083333333333334 0.065625 0.08333333333333333
0 0.69921875 0.59375 0.06406250000000001 0.09583333333333333
0 0.55 0.56875 0.043750000000000004 0.06666666666666667
0 0.4703125 0.45 0.040625 0.058333333333333334
0 0.540625 0.3333333333333333 0.05 0.06666666666666667
0 0.5164062500000001 0.2833333333333333 0.045312500000000006 0.05
0 0.49609375 0.23541666666666666 0.0328125 0.05
0 0.47421875 0.27291666666666664 0.0328125 0.041666666666666664
0 0.48281250000000003 0.3052083333333333 0.034375 0.03958333333333333
0 0.296875 0.946875 0.084375 0.10208333333333333
0 0.6531250000000001 0.5520833333333334 0.059375000000000004 0.07083333333333333
0 0.9656250000000001 0.06875 0.059375000000000004 0.08333333333333333
0 0.43984375000000003 0.15520833333333334 0.035937500000000004 0.035416666666666666
