0 0.4546875 0.6916666666666667 0.0625 0.09166666666666666
0 0.50546875 0.6614583333333334 0.0578125 0.08125
0 0.25078125 0.6052083333333333 0.06406250000000001 0.08541666666666667
0 0.19375 0.690625 0.0625 0.08125
0 0.32109375 0.8583333333333333 0.045312500000000006 0.058333333333333334
0 0.33671875 0.9510416666666667 0.0484375 0.06458333333333333
0 0.403125 0.2677083333333333 0.0625 0.08958333333333333
0 0.5476562500000001 0.13333333333333333 0.060937500000000006 0.0875
0 0.51484375 0.04583333333333333 0.0703125 0.09166666666666666
0 0.1421875 0.21875 0.025 0.0375
0 0.18515625000000002 0.421875 0.026562500000000003 0.035416666666666666
0 0.18359375 0.4666666666666667 0.029687500000000002 0.0375
0 0.18359375 0.5166666666666666 0.0234375 0.0375
0 0.67578125 0.6458333333333334 0.035937500000000004 0.04583333333333333
