0 0.9015625 0.8041666666666667 0.0625 0.0875
0 0.8718750000000001 0.8177083333333334 0.05625 0.07708333333333334
0 0.8890625000000001 0.9572916666666667 0.065625 0.08125
0 0.6781250000000001 0.7833333333333333 0.046875 0.07083333333333333
0 0.7546875000000001 0.42291666666666666 0.06875 0.09583333333333333
0 0.7578125 0.21770833333333334 0.065625 0.10208333333333333
0 0.7937500000000001 0.296875 0.065625 0.08125
0 0.56875 0.6270833333333333 0.03125 0.041666666666666664
0 0.55078125 0.6802083333333333 0.029687500000000002 0.03958333333333333
0 0.534375 0.7166666666666667 0.025 0.03333333333333333
0 0.5484375 0.7770833333333333 0.028125 0.0375
0 0.521875 0.8177083333333334 0.028125 0.04375
0 0.115625 0.3625 0.034375 0.04583333333333333
0 0.1703125 0.34479166666666666 0.021875000000000002 0.03125
0 0.19140625 0.284375 0.0203125 0.03125
0 0.045312500000000006 0.31666666666666665 0.028125 0.0375
0 0.29140625000000003 0.14791666666666667 0.0234375 0.041666666666666664
0 0.32421875 0.08020833333333333 0.026562500000000003 0.035416666666666666
0 0.09765625 0.24687499999999998 0.029687500000000002 0.03958333333333333
0 0.13671875 0.06666666666666667 0.029687500000000002 0.04583333333333333
0 0.22890625 0.02395833333333333 0.029687500000000002 0.04375
0 0.20625000000000002 0.153125 0.025 0.03958333333333333
