0 0.68359375 0.609375 0.0703125 0.08958333333333333
0 0.62265625 0.9114583333333334 0.0671875 0.08958333333333333
0 0.81640625 0.834375 0.0578125 0.07708333333333334
0 0.84140625 0.8854166666666666 0.0484375 0.058333333333333334
0 0.8929687500000001 0.8854166666666666 0.0546875 0.075
0 0.9398437500000001 0.78125 0.0546875 0.07916666666666666
0 0.86328125 0.55625 0.0703125 0.0875
0 0.9320312500000001 0.16666666666666666 0.0578125 0.07916666666666666
0 0.23046875 0.29583333333333334 0.08281250000000001 0.10416666666666667
0 0.11953125 0.6854166666666667 0.0671875 0.09166666666666666
0 0.40859375000000003 0.534375 0.0484375 0.07291666666666667
0 0.40468750000000003 0.5833333333333334 0.046875 0.0625
0 0.3796875 0.6322916666666667 0.05625 0.07291666666666667
0 0.25859375 0.6541666666666667 0.0328125 0.04583333333333333
0 0.2484375 0.6114583333333333 0.03125 0.04375
0 0.2671875 0.5666666666666667 0.03125 0.0375
0 0.38203125000000004 0.15208333333333332 0.0234375 0.0375
0 0.40156250000000004 0.1375 0.021875000000000002 0.029166666666666667
0 0.4109375 0.16875 0.021875000000000002 0.03333333333333333
0 0.9789062500000001 0.66875 0.0390625 0.08333333333333333
0 0.18984375 0.6708333333333333 0.0328125 0.05
