0 0.51015625 0.45416666666666666 0.0890625 0.10833333333333334
0 0.48046875 0.20729166666666665 0.0859375 0.13541666666666666
0 0.70703125 0.47812499999999997 0.035937500000000004 0.052083333333333336
0 0.6625000000000001 0.5083333333333333 0.028125 0.04583333333333333
0 0.6843750000000001 0.55 0.034375 0.05
0 0.52734375 0.559375 0.0671875 0.08958333333333333
0 0.5078125 0.6041666666666666 0.05 0.07083333333333333
0 0.6531250000000001 0.3104166666666667 0.040625 0.05416666666666667
0 0.6195312500000001 0.19895833333333332 0.0390625 0.06041666666666667
0 0.5859375 0.4666666666666667 0.05 0.0625
0 0.28984375 0.6572916666666666 0.0546875 0.06458333333333333
0 0.275 0.8729166666666667 0.043750000000000004 0.0625
0 0.32734375000000004 0.44166666666666665 0.051562500000000004 0.0625
0 0.1265625 0.4145833333333333 0.05 0.06666666666666667
0 0.29921875000000003 0.4770833333333333 0.051562500000000004 0.06666666666666667
0 0.340625 0.6197916666666666 0.034375 0.03958333333333333
0 0.3609375 0.6604166666666667 0.028125 0.03333333333333333
0 0.37812500000000004 0.6875 0.03125 0.041666666666666664
0 0.35546875 0.7302083333333333 0.035937500000000004 0.04375
0 0.14453125 0.5635416666666666 0.0328125 0.04375
0 0.578125 0.5541666666666667 0.040625 0.058333333333333334
0 0.6000000000000001 0.5708333333333333 0.040625 0.05416666666666667
