0 0.47734375 0.4614583333333333 0.0703125 0.10208333333333333
0 0.53671875 0.4375 0.0734375 0.09583333333333333
0 0.4734375 0.5760416666666667 0.065625 0.08958333333333333
0 0.5359375000000001 0.6145833333333334 0.065625 0.1
0 0.4890625 0.696875 0.05625 0.08541666666666667
0 0.7046875 0.7072916666666667 0.07187500000000001 0.08125
0 0.7078125000000001 0.6239583333333333 0.05 0.07708333333333334
0 0.70078125 0.31979166666666664 0.06406250000000001 0.08541666666666667
0 0.7054687500000001 0.09479166666666666 0.13593750000000002 0.18958333333333333
0 0.45859375 0.09270833333333334 0.1015625 0.14791666666666667
0 0.43593750000000003 0.5958333333333333 0.05625 0.07916666666666666
