0 0.45078125 0.521875 0.045312500000000006 0.06041666666666667
0 0.56796875 0.50625 0.0546875 0.075
0 0.94921875 0.484375 0.0484375 0.06041666666666667
0 0.2703125 0.615625 0.043750000000000004 0.05625
0 0.35703125 0.5 0.0421875 0.0625
0 0.42265625 0.36041666666666666 0.035937500000000004 0.05416666666666667
0 0.11093750000000001 0.94375 0.046875 0.058333333333333334
0 0.18281250000000002 0.9572916666666667 0.037500000000000006 0.04791666666666666
0 0.23750000000000002 0.634375 0.034375 0.052083333333333336
0 0.21484375 0.40520833333333334 0.029687500000000002 0.04791666666666666
0 0.17343750000000002 0.3729166666666667 0.034375 0.05
0 0.33671875 0.20104166666666667 0.0328125 0.04791666666666666
0 0.49765625 0.26458333333333334 0.0328125 0.04583333333333333
0 0.5890625 0.3364583333333333 0.034375 0.04375
0 0.49921875000000004 0.565625 0.0421875 0.05625
0 0.5085937500000001 0.9322916666666666 0.035937500000000004 0.052083333333333336
0 0.225 0.6760416666666667 0.037500000000000006 0.052083333333333336
0 0.20703125 0.3458333333333333 0.0421875 0.05
