0 0.184375 0.8375 0.043750000000000004 0.05416666666666667
0 0.21796875000000002 0.7614583333333333 0.0421875 0.05625
0 0.21484375 0.9114583333333334 0.035937500000000004 0.05625
0 0.33671875 0.55625 0.045312500000000006 0.05
0 0.59140625 0.30416666666666664 0.0484375 0.06666666666666667
0 0.49921875000000004 0.3520833333333333 0.0421875 0.05416666666666667
0 0.52265625 0.31666666666666665 0.0328125 0.05
0 0.75390625 0.19895833333333332 0.0546875 0.07291666666666667
0 0.8093750000000001 0.10416666666666667 0.065625 0.1
0 0.63046875 0.41562499999999997 0.0390625 0.06041666666666667
0 0.48828125 0.4125 0.035937500000000004 0.05416666666666667
0 0.56953125 0.0625 0.0390625 0.058333333333333334
0 0.8734375000000001 0.26979166666666665 0.0625 0.08125
0 0.2328125 0.8520833333333333 0.037500000000000006 0.05416666666666667
