0 0.53828125 0.675 0.0578125 0.08333333333333333
0 0.8656250000000001 0.728125 0.046875 0.06041666666666667
0 0.38828125 0.46458333333333335 0.0421875 0.0625
0 0.3828125 0.4041666666666667 0.040625 0.05416666666666667
0 0.13359375 0.6854166666666667 0.051562500000000004 0.06666666666666667
0 0.3046875 0.496875 0.05 0.07291666666666667
0 0.29375 0.6770833333333334 0.05 0.0625
0 0.19296875000000002 0.7958333333333333 0.051562500000000004 0.0625
0 0.07421875 0.6885416666666666 0.0421875 0.06458333333333333
0 0.049218750000000006 0.7302083333333333 0.0484375 0.05625
0 0.4421875 0.3697916666666667 0.034375 0.052083333333333336
0 0.2515625 0.39479166666666665 0.043750000000000004 0.052083333333333336
0 0.08281250000000001 0.29375 0.046875 0.05416666666666667
0 0.08750000000000001 0.41770833333333335 0.040625 0.05625
0 0.38906250000000003 0.6447916666666667 0.05625 0.07708333333333334
0 0.42265625 0.5958333333333333 0.0546875 0.06666666666666667
0 0.20703125 0.8833333333333333 0.045312500000000006 0.07083333333333333
0 0.2703125 0.32916666666666666 0.037500000000000006 0.04583333333333333
