0 0.43671875000000004 0.44166666666666665 0.1328125 0.1625
0 0.45234375000000004 0.28854166666666664 0.1078125 0.14791666666666667
0 0.7835937500000001 0.27708333333333335 0.1265625 0.13333333333333333
0 0.853125 0.40625 0.084375 0.15416666666666667
0 0.75 0.46875 0.12187500000000001 0.13333333333333333
0 0.2609375 0.3802083333333333 0.1125 0.13125
0 0.078125 0.5479166666666666 0.12812500000000002 0.15416666666666667
0 0.24296875 0.5208333333333334 0.11093750000000001 0.12083333333333333
0 0.278125 0.6052083333333333 0.08750000000000001 0.09791666666666667
0 0.24531250000000002 0.69375 0.07500000000000001 0.10416666666666667
0 0.27734375 0.778125 0.0765625 0.09375
0 0.34296875000000004 0.665625 0.06406250000000001 0.09375
0 0.08515625 0.7927083333333333 0.060937500000000006 0.07291666666666667
0 0.125 0.8947916666666667 0.07500000000000001 0.11041666666666666
0 0.2515625 0.875 0.059375000000000004 0.08333333333333333
0 0.3171875 0.8645833333333334 0.053125000000000006 0.075
0 0.49062500000000003 0.6177083333333333 0.08125 0.10625
0 0.64765625 0.21979166666666666 0.06406250000000001 0.08541666666666667
