0 0.6062500000000001 0.3104166666666667 0.09062500000000001 0.13333333333333333
0 0.19687500000000002 0.035416666666666666 0.09062500000000001 0.07083333333333333
0 0.3203125 0.17291666666666666 0.07500000000000001 0.10416666666666667
0 0.41328125000000004 0.22291666666666665 0.0765625 0.10833333333333334
0 0.45078125 0.378125 0.0765625 0.09791666666666667
0 0.31640625 0.503125 0.0671875 0.09375
0 0.39296875000000003 0.525 0.0671875 0.0875
0 0.41718750000000004 0.5791666666666666 0.05625 0.07916666666666666
0 0.40703125 0.9135416666666667 0.06406250000000001 0.10208333333333333
0 0.665625 0.5770833333333333 0.05 0.08333333333333333
0 0.8070312500000001 0.3572916666666667 0.0703125 0.08958333333333333
0 0.89453125 0.3375 0.0734375 0.09166666666666666
0 0.18984375 0.20833333333333334 0.0546875 0.08333333333333333
