0 0.39140625 0.525 0.060937500000000006 0.075
0 0.47421875 0.9447916666666667 0.06406250000000001 0.10208333333333333
0 0.55703125 0.40520833333333334 0.0734375 0.08958333333333333
0 0.7679687500000001 0.3229166666666667 0.0921875 0.11666666666666667
0 0.88203125 0.4010416666666667 0.060937500000000006 0.08125
0 0.9609375 0.3885416666666667 0.07500000000000001 0.08958333333333333
0 0.525 0.26458333333333334 0.06875 0.09583333333333333
0 0.43125 0.21041666666666667 0.065625 0.07916666666666666
0 0.33359375 0.05625 0.07968750000000001 0.0875
0 0.5953125 0.14166666666666666 0.037500000000000006 0.0625
0 0.6296875000000001 0.12708333333333333 0.037500000000000006 0.0625
0 0.5515625000000001 0.11458333333333333 0.037500000000000006 0.058333333333333334
0 0.2734375 0.24791666666666667 0.053125000000000006 0.075
0 0.47109375000000003 0.553125 0.060937500000000006 0.08541666666666667
0 0.48281250000000003 0.615625 0.046875 0.06875
