0 0.7171875000000001 0.778125 0.10625000000000001 0.13125
0 0.8656250000000001 0.859375 0.109375 0.13541666666666666
0 0.6546875000000001 0.5770833333333333 0.10312500000000001 0.12916666666666665
0 0.4140625 0.3 0.10625000000000001 0.12916666666666665
0 0.6062500000000001 0.19583333333333333 0.078125 0.10416666666666667
0 0.34296875000000004 0.5927083333333333 0.08281250000000001 0.11041666666666666
0 0.41171875 0.5083333333333333 0.060937500000000006 0.09583333333333333
0 0.53828125 0.934375 0.08281250000000001 0.12708333333333333
0 0.52578125 0.50625 0.0921875 0.13333333333333333
0 0.7289062500000001 0.5322916666666666 0.060937500000000006 0.07291666666666667
