0 0.7132812500000001 0.71875 0.045312500000000006 0.0625
0 0.8046875 0.3302083333333333 0.053125000000000006 0.06458333333333333
0 0.7757812500000001 0.22604166666666667 0.051562500000000004 0.06458333333333333
0 0.97578125 0.26979166666666665 0.045312500000000006 0.08125
0 0.88671875 0.365625 0.06406250000000001 0.07708333333333334
0 0.925 0.4666666666666667 0.043750000000000004 0.058333333333333334
0 0.49921875000000004 0.8270833333333333 0.0421875 0.058333333333333334
0 0.5609375 0.8802083333333334 0.040625 0.06041666666666667
0 0.6265625 0.7927083333333333 0.037500000000000006 0.04791666666666666
0 0.6898437500000001 0.828125 0.0421875 0.05625
0 0.7132812500000001 0.8760416666666666 0.035937500000000004 0.052083333333333336
0 0.6507812500000001 0.09479166666666666 0.051562500000000004 0.07708333333333334
0 0.7578125 0.03125 0.046875 0.0625
0 0.60703125 0.2708333333333333 0.0421875 0.0625
0 0.70625 0.20104166666666667 0.05 0.06458333333333333
0 0.71484375 0.44166666666666665 0.045312500000000006 0.058333333333333334
0 0.71015625 0.4895833333333333 0.045312500000000006 0.05416666666666667
0 0.86640625 0.9572916666666667 0.029687500000000002 0.035416666666666666
0 0.67890625 0.39479166666666665 0.0390625 0.04791666666666666
