0 0.80078125 0.403125 0.1015625 0.13125
0 0.7375 0.6145833333333334 0.06875 0.09166666666666666
0 0.6296875000000001 0.5604166666666667 0.06875 0.0875
0 0.5125000000000001 0.7125 0.065625 0.09583333333333333
0 0.41015625 0.6322916666666667 0.0671875 0.07708333333333334
0 0.35546875 0.07916666666666666 0.0671875 0.09166666666666666
0 0.43671875000000004 0.9197916666666667 0.0578125 0.07291666666666667
0 0.465625 0.9739583333333334 0.05625 0.04791666666666666
0 0.78046875 0.6958333333333333 0.06406250000000001 0.0875
0 0.759375 0.7666666666666666 0.05625 0.0625
