0 0.51171875 0.4010416666666667 0.0890625 0.11041666666666666
0 0.4734375 0.22708333333333333 0.08750000000000001 0.12083333333333333
0 0.84765625 0.33125 0.09843750000000001 0.12916666666666665
0 0.8625 0.44687499999999997 0.06875 0.09375
0 0.9281250000000001 0.459375 0.07500000000000001 0.09791666666666667
0 0.9695312500000001 0.6833333333333333 0.0578125 0.1
0 0.65546875 0.64375 0.0765625 0.09583333333333333
0 0.62890625 0.48333333333333334 0.08281250000000001 0.1125
0 0.36015625 0.5625 0.0734375 0.10416666666666667
0 0.25234375000000003 0.525 0.0703125 0.1
0 0.18203125 0.23333333333333334 0.0671875 0.09583333333333333
0 0.36015625 0.14895833333333333 0.08281250000000001 0.11458333333333333
0 0.29296875 0.47604166666666664 0.0578125 0.09375
0 0.17265625 0.14791666666666667 0.06406250000000001 0.0875
