0 0.11171875 0.10520833333333333 0.1328125 0.17708333333333334
0 0.30625 0.04479166666666667 0.08750000000000001 0.08958333333333333
0 0.3046875 0.40208333333333335 0.09062500000000001 0.125
0 0.0234375 0.6885416666666666 0.046875 0.13541666666666666
0 0.11484375000000001 0.6947916666666667 0.060937500000000006 0.07291666666666667
0 0.48359375000000004 0.6197916666666666 0.1234375 0.14375
0 0.4765625 0.3770833333333333 0.1 0.12083333333333333
0 0.44765625000000003 0.7541666666666667 0.09531250000000001 0.125
0 0.59921875 0.7604166666666666 0.0859375 0.1125
0 0.6101562500000001 0.678125 0.0890625 0.11875
0 0.534375 0.8052083333333333 0.084375 0.12291666666666666
