0 0.42890625000000004 0.5677083333333334 0.08281250000000001 0.10208333333333333
0 0.39140625 0.40208333333333335 0.07968750000000001 0.11666666666666667
0 0.7078125000000001 0.559375 0.096875 0.12291666666666666
0 0.7835937500000001 0.571875 0.06406250000000001 0.09375
0 0.84765625 0.5770833333333333 0.06406250000000001 0.09166666666666666
0 0.8890625000000001 0.8083333333333333 0.07187500000000001 0.08333333333333333
0 0.29531250000000003 0.7020833333333333 0.07500000000000001 0.09583333333333333
0 0.19375 0.6635416666666667 0.07187500000000001 0.09375
0 0.23984375000000002 0.5979166666666667 0.06406250000000001 0.075
0 0.12734375 0.3927083333333333 0.0734375 0.08125
0 0.18281250000000002 0.128125 0.09062500000000001 0.11041666666666666
0 0.19921875 0.3302083333333333 0.060937500000000006 0.09375
0 0.38515625000000003 0.075 0.06406250000000001 0.0875
0 0.2890625 0.31875 0.07187500000000001 0.09166666666666666
0 0.06015625 0.31666666666666665 0.0578125 0.09166666666666666
