0 0.453125 0.509375 0.065625 0.08125
0 0.5437500000000001 0.6083333333333333 0.065625 0.09166666666666666
0 0.703125 0.465625 0.07187500000000001 0.08541666666666667
0 0.90546875 0.3520833333333333 0.09843750000000001 0.125
0 0.7757812500000001 0.5697916666666667 0.0671875 0.08958333333333333
0 0.8015625000000001 0.6572916666666666 0.06875 0.07291666666666667
0 0.41171875 0.8 0.051562500000000004 0.07083333333333333
0 0.43125 0.8875 0.059375000000000004 0.07916666666666666
0 0.5359375000000001 0.946875 0.06875 0.08958333333333333
0 0.43281250000000004 0.6927083333333334 0.043750000000000004 0.05625
0 0.76328125 0.7322916666666667 0.0546875 0.06458333333333333
0 0.7796875000000001 0.8624999999999999 0.040625 0.0625
