0 0.503125 0.5010416666666666 0.084375 0.10625
0 0.7890625 0.46770833333333334 0.109375 0.12291666666666666
0 0.8929687500000001 0.4739583333333333 0.0765625 0.10208333333333333
0 0.9593750000000001 0.471875 0.078125 0.11041666666666666
0 0.38203125000000004 0.6416666666666666 0.0734375 0.09166666666666666
0 0.28671875 0.6166666666666667 0.0703125 0.1
0 0.45859375 0.3333333333333333 0.0859375 0.11666666666666667
0 0.2265625 0.07916666666666666 0.1 0.125
0 0.13046875 0.28020833333333334 0.0671875 0.09375
0 0.203125 0.353125 0.065625 0.08958333333333333
0 0.26953125 0.2791666666666667 0.060937500000000006 0.08333333333333333
0 0.34609375000000003 0.2583333333333333 0.07968750000000001 0.09583333333333333
0 0.38984375000000004 0.70625 0.0734375 0.0625
0 0.32890625 0.55 0.060937500000000006 0.06666666666666667
