0 0.70234375 0.7302083333333333 0.0671875 0.08541666666666667
0 0.8500000000000001 0.91875 0.07187500000000001 0.09166666666666666
0 0.8992187500000001 0.884375 0.0578125 0.07291666666666667
0 0.7585937500000001 0.8520833333333333 0.0703125 0.07916666666666666
0 0.92734375 0.22395833333333334 0.08281250000000001 0.09375
0 0.5234375 0.30625 0.05625 0.07916666666666666
0 0.62109375 0.534375 0.060937500000000006 0.05625
0 0.43984375000000003 0.6791666666666667 0.0484375 0.075
0 0.7898437500000001 0.509375 0.0703125 0.10208333333333333
0 0.71484375 0.42083333333333334 0.0734375 0.0875
0 0.703125 0.340625 0.046875 0.06041666666666667
0 0.62421875 0.8739583333333333 0.0546875 0.08541666666666667
