0 0.3140625 0.8135416666666666 0.09375 0.12708333333333333
0 0.403125 0.8708333333333333 0.09062500000000001 0.1125
0 0.2921875 0.14479166666666665 0.1 0.13541666666666666
0 0.384375 0.27291666666666664 0.1 0.12916666666666665
0 0.45625000000000004 0.30833333333333335 0.084375 0.11666666666666667
0 0.53125 0.19270833333333334 0.09375 0.11458333333333333
0 0.54453125 0.384375 0.07968750000000001 0.11041666666666666
0 0.48828125 0.490625 0.08281250000000001 0.10625
0 0.6578125 0.45208333333333334 0.0625 0.1
0 0.9460937500000001 0.13958333333333334 0.0578125 0.1125
0 0.6515625 0.040625 0.05625 0.08125
