0 0.35625 0.7875 0.053125000000000006 0.075
0 0.43593750000000003 0.8041666666666667 0.046875 0.06666666666666667
0 0.6062500000000001 0.584375 0.03125 0.04791666666666666
0 0.63671875 0.6385416666666667 0.035937500000000004 0.04791666666666666
0 0.6312500000000001 0.7125 0.028125 0.0375
0 0.721875 0.6229166666666667 0.046875 0.05416666666666667
0 0.7453125 0.575 0.034375 0.05
0 0.6351562500000001 0.5625 0.0328125 0.041666666666666664
0 0.67109375 0.5739583333333333 0.029687500000000002 0.04375
0 0.6953125 0.3229166666666667 0.034375 0.041666666666666664
0 0.013281250000000001 0.8156249999999999 0.026562500000000003 0.05625
0 0.08671875000000001 0.821875 0.0578125 0.06875
0 0.41640625000000003 0.9791666666666666 0.060937500000000006 0.0375
0 0.6257812500000001 0.3697916666666667 0.0328125 0.052083333333333336
0 0.6664062500000001 0.16666666666666666 0.0328125 0.04583333333333333
0 0.6890625 0.26875 0.034375 0.04583333333333333
0 0.64453125 0.08958333333333333 0.035937500000000004 0.04583333333333333
0 0.640625 0.052083333333333336 0.034375 0.041666666666666664
0 0.67890625 0.026041666666666668 0.035937500000000004 0.04791666666666666
0 0.7359375 0.18541666666666667 0.03125 0.04583333333333333
0 0.72421875 0.14270833333333333 0.0328125 0.03958333333333333
0 0.88828125 0.10416666666666667 0.0390625 0.04583333333333333
0 0.9343750000000001 0.4791666666666667 0.028125 0.0375
0 0.83984375 0.4739583333333333 0.026562500000000003 0.035416666666666666
0 0.6898437500000001 0.11354166666666667 0.0234375 0.035416666666666666
0 0.6742187500000001 0.06354166666666666 0.0328125 0.03958333333333333
