0 0.59765625 0.6114583333333333 0.0484375 0.06458333333333333
0 0.64765625 0.49583333333333335 0.051562500000000004 0.06666666666666667
0 0.61484375 0.546875 0.0421875 0.06458333333333333
0 0.6257812500000001 0.315625 0.0390625 0.05625
0 0.6429687500000001 0.2635416666666667 0.035937500000000004 0.05625
0 0.6953125 0.04791666666666666 0.05 0.075
0 0.4609375 0.5697916666666667 0.025 0.03125
0 0.43515625 0.5791666666666666 0.0234375 0.0375
0 0.47968750000000004 0.43645833333333334 0.03125 0.04375
0 0.30390625000000004 0.6864583333333333 0.026562500000000003 0.03958333333333333
0 0.33203125 0.7166666666666667 0.026562500000000003 0.041666666666666664
0 0.27109375 0.365625 0.026562500000000003 0.035416666666666666
0 0.40859375000000003 0.496875 0.0234375 0.03125
0 0.32265625000000003 0.47812499999999997 0.0234375 0.035416666666666666
0 0.28359375000000003 0.5645833333333333 0.0203125 0.03333333333333333
0 0.49453125000000003 0.7083333333333334 0.0203125 0.029166666666666667
0 0.4859375 0.6739583333333333 0.018750000000000003 0.027083333333333334
