0 0.496875 0.6989583333333333 0.046875 0.06458333333333333
0 0.8421875000000001 0.7885416666666667 0.05 0.06458333333333333
0 0.8539062500000001 0.665625 0.0484375 0.06458333333333333
0 0.64453125 0.7020833333333333 0.0484375 0.06666666666666667
0 0.7117187500000001 0.821875 0.051562500000000004 0.06458333333333333
0 0.75546875 0.75 0.045312500000000006 0.06666666666666667
0 0.4546875 0.3697916666666667 0.037500000000000006 0.052083333333333336
0 0.21640625000000002 0.18958333333333333 0.0421875 0.0625
0 0.24765625000000002 0.15208333333333332 0.0421875 0.058333333333333334
0 0.3484375 0.12916666666666665 0.034375 0.05
0 0.3796875 0.0875 0.043750000000000004 0.058333333333333334
0 0.46171875 0.13229166666666667 0.0484375 0.06875
0 0.44609375 0.027083333333333334 0.0421875 0.05416666666666667
0 0.49609375 0.03854166666666667 0.045312500000000006 0.06041666666666667
0 0.5109375 0.13333333333333333 0.043750000000000004 0.06666666666666667
0 0.5734375 0.18541666666666667 0.037500000000000006 0.058333333333333334
0 0.61640625 0.175 0.035937500000000004 0.058333333333333334
0 0.4625 0.2833333333333333 0.037500000000000006 0.05
0 0.9078125 0.678125 0.040625 0.06041666666666667
0 0.42500000000000004 0.8895833333333333 0.025 0.0375
0 0.46875 0.9114583333333334 0.018750000000000003 0.03125
0 0.49296875 0.975 0.0328125 0.041666666666666664
