0 0.446875 0.5125 0.028125 0.041666666666666664
0 0.33359375 0.321875 0.029687500000000002 0.04375
0 0.36796875 0.31666666666666665 0.0328125 0.04583333333333333
0 0.43359375 0.32916666666666666 0.026562500000000003 0.04583333333333333
0 0.4609375 0.315625 0.028125 0.04375
0 0.53046875 0.31145833333333334 0.0328125 0.04375
0 0.25390625 0.128125 0.0390625 0.052083333333333336
0 0.57734375 0.265625 0.0328125 0.04375
0 0.58984375 0.228125 0.029687500000000002 0.04375
0 0.65546875 0.2583333333333333 0.0328125 0.04583333333333333
0 0.47265625 0.4583333333333333 0.026562500000000003 0.0375
0 0.49765625 0.41875 0.029687500000000002 0.0375
0 0.51875 0.36041666666666666 0.025 0.03333333333333333
0 0.5625 0.34270833333333334 0.03125 0.03958333333333333
0 0.54140625 0.40729166666666666 0.029687500000000002 0.04791666666666666
0 0.5671875000000001 0.41562499999999997 0.025 0.04375
0 0.59765625 0.4479166666666667 0.026562500000000003 0.0375
0 0.63671875 0.36666666666666664 0.026562500000000003 0.03333333333333333
0 0.6742187500000001 0.4125 0.0390625 0.04583333333333333
0 0.9171875 0.4927083333333333 0.03125 0.035416666666666666
0 0.915625 0.53125 0.03125 0.041666666666666664
0 0.8953125000000001 0.5083333333333333 0.025 0.03333333333333333
0 0.44609375 0.753125 0.0328125 0.04375
0 0.58515625 0.7458333333333333 0.035937500000000004 0.04583333333333333
0 0.5625 0.7875 0.03125 0.04583333333333333
0 0.64453125 0.9041666666666667 0.0328125 0.04583333333333333
0 0.66171875 0.8291666666666666 0.029687500000000002 0.04583333333333333
0 0.8 0.6427083333333333 0.043750000000000004 0.052083333333333336
0 0.82578125 0.6833333333333333 0.0421875 0.05
0 0.7046875 0.853125 0.037500000000000006 0.04791666666666666
0 0.5593750000000001 0.8916666666666666 0.040625 0.04583333333333333
