0 0.42890625000000004 0.6052083333333333 0.0578125 0.07708333333333334
0 0.6125 0.6052083333333333 0.043750000000000004 0.06875
0 0.43984375000000003 0.6854166666666667 0.0421875 0.05416666666666667
0 0.26484375 0.7427083333333333 0.0546875 0.07708333333333334
0 0.23671875 0.8385416666666666 0.0578125 0.08125
0 0.19062500000000002 0.13854166666666667 0.05625 0.08541666666666667
0 0.23593750000000002 0.0375 0.059375000000000004 0.075
0 0.35859375000000004 0.06145833333333333 0.045312500000000006 0.07291666666666667
0 0.64375 0.040625 0.053125000000000006 0.07291666666666667
0 0.36953125000000003 0.37604166666666666 0.0328125 0.04791666666666666
0 0.34453125 0.48020833333333335 0.0390625 0.05625
0 0.3203125 0.325 0.037500000000000006 0.05
0 0.32734375000000004 0.27291666666666664 0.0328125 0.0375
0 0.56171875 0.36354166666666665 0.035937500000000004 0.04375
