0 0.7578125 0.38125 0.096875 0.1375
0 0.79453125 0.25 0.0859375 0.1
0 0.6515625 0.69375 0.08125 0.125
0 0.6976562500000001 0.8375 0.0765625 0.12083333333333333
0 0.92578125 0.8427083333333333 0.07968750000000001 0.10625
0 0.91953125 0.7125 0.0734375 0.09166666666666666
0 0.90234375 0.56875 0.0765625 0.1
0 0.8289062500000001 0.47812499999999997 0.06406250000000001 0.08125
0 0.68515625 0.47291666666666665 0.0734375 0.1125
0 0.71796875 0.5885416666666666 0.07968750000000001 0.11458333333333333
0 0.4375 0.7083333333333334 0.05625 0.075
0 0.48671875000000003 0.6208333333333333 0.060937500000000006 0.08333333333333333
0 0.043750000000000004 0.7260416666666667 0.08750000000000001 0.16041666666666665
0 0.1046875 0.25104166666666666 0.078125 0.10208333333333333
0 0.12734375 0.14791666666666667 0.0765625 0.09583333333333333
0 0.571875 0.35833333333333334 0.0625 0.075
0 0.7367187500000001 0.6791666666666667 0.0546875 0.06666666666666667
0 0.5593750000000001 0.2739583333333333 0.043750000000000004 0.06875
0 0.59296875 0.2583333333333333 0.045312500000000006 0.07083333333333333
0 0.43281250000000004 0.6333333333333333 0.046875 0.07083333333333333
