0 0.8500000000000001 0.6770833333333334 0.0625 0.07083333333333333
0 0.8390625 0.5854166666666667 0.046875 0.05416666666666667
0 0.859375 0.5375 0.059375000000000004 0.075
0 0.86328125 0.4479166666666667 0.0578125 0.07083333333333333
0 0.8546875 0.33125 0.0625 0.07916666666666666
0 0.76484375 0.15520833333333334 0.0734375 0.10625
0 0.79453125 0.06770833333333333 0.06406250000000001 0.08125
0 0.70625 0.22291666666666665 0.059375000000000004 0.08333333333333333
0 0.73359375 0.303125 0.051562500000000004 0.09791666666666667
0 0.671875 0.38645833333333335 0.0625 0.08958333333333333
0 0.71015625 0.49166666666666664 0.060937500000000006 0.08333333333333333
0 0.68359375 0.6583333333333333 0.0578125 0.07916666666666666
0 0.56171875 0.4354166666666667 0.045312500000000006 0.0625
0 0.5171875 0.37083333333333335 0.046875 0.0625
0 0.47500000000000003 0.384375 0.040625 0.05625
0 0.47578125000000004 0.44166666666666665 0.0421875 0.0625
0 0.49843750000000003 0.30416666666666664 0.043750000000000004 0.0625
0 0.29609375 0.2791666666666667 0.09531250000000001 0.125
0 0.16718750000000002 0.35104166666666664 0.05625 0.06875
0 0.21015625000000002 0.4145833333333333 0.045312500000000006 0.0625
0 0.0328125 0.49374999999999997 0.043750000000000004 0.0625
0 0.08125 0.5 0.043750000000000004 0.058333333333333334
0 0.19765625 0.7416666666666667 0.0484375 0.06666666666666667
0 0.19765625 0.9541666666666666 0.051562500000000004 0.075
0 0.5750000000000001 0.0875 0.034375 0.058333333333333334
0 0.6101562500000001 0.07708333333333334 0.0390625 0.05416666666666667
0 0.59375 0.15416666666666667 0.05 0.058333333333333334
0 0.403125 0.8010416666666667 0.034375 0.052083333333333336
0 0.4296875 0.8635416666666667 0.034375 0.052083333333333336
0 0.5007812500000001 0.8052083333333333 0.029687500000000002 0.04375
0 0.4140625 0.7020833333333333 0.037500000000000006 0.058333333333333334
0 0.40468750000000003 0.6239583333333333 0.037500000000000006 0.052083333333333336
