0 0.55 0.5333333333333333 0.12187500000000001 0.15833333333333333
0 0.2328125 0.24687499999999998 0.08125 0.11458333333333333
0 0.5 0.259375 0.13125 0.17708333333333334
0 0.35703125 0.05416666666666667 0.1015625 0.10833333333333334
0 0.85546875 0.046875 0.1484375 0.09375
0 0.77734375 0.2791666666666667 0.06406250000000001 0.0875
0 0.6484375 0.6135416666666667 0.08750000000000001 0.12708333333333333
0 0.49062500000000003 0.771875 0.1 0.13125
0 0.51328125 0.9614583333333333 0.1015625 0.07291666666666667
0 0.496875 0.8802083333333334 0.09062500000000001 0.08125
0 0.77734375 0.496875 0.0546875 0.07708333333333334
0 0.79609375 0.5708333333333333 0.0671875 0.0875
0 0.7898437500000001 0.7135416666666666 0.0671875 0.08541666666666667
0 0.83984375 0.6875 0.045312500000000006 0.05416666666666667
0 0.82734375 0.7489583333333333 0.051562500000000004 0.07291666666666667
0 0.8601562500000001 0.8052083333333333 0.051562500000000004 0.07291666666666667
