0 0.08984375 0.8989583333333333 0.1609375 0.19791666666666666
0 0.06406250000000001 0.3572916666666667 0.09375 0.11041666666666666
0 0.8546875 0.9010416666666666 0.07500000000000001 0.09791666666666667
0 0.49140625000000004 0.6666666666666666 0.0484375 0.058333333333333334
0 0.51953125 0.6104166666666666 0.035937500000000004 0.05
0 0.71640625 0.6979166666666666 0.035937500000000004 0.04583333333333333
0 0.69140625 0.653125 0.0390625 0.04791666666666666
0 0.7312500000000001 0.64375 0.037500000000000006 0.05
0 0.703125 0.5916666666666667 0.040625 0.05416666666666667
0 0.9390625 0.809375 0.037500000000000006 0.04791666666666666
0 0.9773437500000001 0.7104166666666667 0.0421875 0.058333333333333334
0 0.40625 0.8260416666666667 0.046875 0.06458333333333333
0 0.2015625 0.9385416666666666 0.040625 0.06875
0 0.55859375 0.13854166666666667 0.060937500000000006 0.07708333333333334
0 0.6195312500000001 0.1 0.0578125 0.07916666666666666
0 0.7742187500000001 0.34479166666666666 0.0484375 0.05625
0 0.75546875 0.40520833333333334 0.0421875 0.06041666666666667
0 0.8367187500000001 0.029166666666666667 0.0484375 0.058333333333333334
0 0.48984375 0.7208333333333333 0.0484375 0.05416666666666667
0 0.9460937500000001 0.721875 0.0390625 0.052083333333333336
0 0.7562500000000001 0.53125 0.040625 0.05
0 0.54921875 0.46249999999999997 0.029687500000000002 0.0375
0 0.5140625 0.8447916666666666 0.034375 0.04791666666666666
0 0.55078125 0.8916666666666666 0.0421875 0.05
0 0.4765625 0.5125 0.025 0.029166666666666667
0 0.6953125 0.5427083333333333 0.03125 0.03125
0 0.02109375 0.5052083333333334 0.0421875 0.12708333333333333
