0 0.73984375 0.5541666666666667 0.08281250000000001 0.1
0 0.7296875 0.42604166666666665 0.07500000000000001 0.11041666666666666
0 0.91171875 0.65 0.0328125 0.04583333333333333
0 0.8171875000000001 0.5697916666666667 0.034375 0.04791666666666666
0 0.8460937500000001 0.6083333333333333 0.035937500000000004 0.04583333333333333
0 0.765625 0.640625 0.037500000000000006 0.04791666666666666
0 0.72578125 0.6614583333333334 0.0390625 0.05625
0 0.77109375 0.8604166666666666 0.0421875 0.0625
0 0.784375 0.896875 0.034375 0.03958333333333333
0 0.76875 0.9666666666666667 0.037500000000000006 0.05416666666666667
0 0.42031250000000003 0.7010416666666667 0.021875000000000002 0.027083333333333334
0 0.46718750000000003 0.625 0.018750000000000003 0.029166666666666667
0 0.4890625 0.6177083333333333 0.018750000000000003 0.03125
0 0.4625 0.5322916666666666 0.021875000000000002 0.022916666666666665
0 0.49296875 0.553125 0.0203125 0.027083333333333334
0 0.515625 0.559375 0.021875000000000002 0.027083333333333334
0 0.55078125 0.6833333333333333 0.026562500000000003 0.0375
0 0.46484375 0.6854166666666667 0.0171875 0.029166666666666667
0 0.48125 0.671875 0.021875000000000002 0.03125
0 0.27421875 0.8697916666666666 0.0234375 0.03125
0 0.29609375 0.9385416666666666 0.0234375 0.035416666666666666
0 0.5421875 0.7458333333333333 0.018750000000000003 0.029166666666666667
0 0.13671875 0.8979166666666667 0.0203125 0.029166666666666667
0 0.23828125 0.9333333333333333 0.026562500000000003 0.041666666666666664
