0 0.34921875 0.5447916666666667 0.06406250000000001 0.08125
0 0.7609375 0.8312499999999999 0.08125 0.10416666666666667
0 0.209375 0.803125 0.07187500000000001 0.09375
0 0.453125 0.8041666666666667 0.037500000000000006 0.05416666666666667
0 0.26015625000000003 0.9104166666666667 0.045312500000000006 0.058333333333333334
0 0.6351562500000001 0.5729166666666666 0.0421875 0.058333333333333334
0 0.63203125 0.6395833333333333 0.0421875 0.0625
0 0.57734375 0.33229166666666665 0.0578125 0.08125
0 0.48281250000000003 0.503125 0.037500000000000006 0.052083333333333336
0 0.546875 0.921875 0.034375 0.04375
0 0.7054687500000001 0.46979166666666666 0.0578125 0.07291666666666667
0 0.48750000000000004 0.07916666666666666 0.053125000000000006 0.075
0 0.7468750000000001 0.696875 0.043750000000000004 0.07291666666666667
0 0.3984375 0.609375 0.037500000000000006 0.04375
0 0.7132812500000001 0.284375 0.0390625 0.06875
