0 0.06953125 0.48125 0.045312500000000006 0.0625
0 0.7359375 0.40208333333333335 0.078125 0.09583333333333333
0 0.8671875 0.18020833333333333 0.084375 0.09375
0 0.79453125 0.5760416666666667 0.0703125 0.08125
0 0.68671875 0.7697916666666667 0.0765625 0.09791666666666667
0 0.8656250000000001 0.8552083333333333 0.084375 0.08541666666666667
0 0.5953125 0.8354166666666667 0.0625 0.0875
0 0.53359375 0.8385416666666666 0.0484375 0.06875
0 0.47968750000000004 0.9020833333333333 0.05625 0.075
0 0.52109375 0.953125 0.0546875 0.07291666666666667
0 0.5632812500000001 0.678125 0.060937500000000006 0.07708333333333334
0 0.96484375 0.4895833333333333 0.0578125 0.06666666666666667
