0 0.34140625 0.6885416666666666 0.051562500000000004 0.06458333333333333
0 0.7046875 0.40729166666666666 0.07500000000000001 0.10208333333333333
0 0.5234375 0.5729166666666666 0.059375000000000004 0.07916666666666666
0 0.6828125 0.6135416666666667 0.043750000000000004 0.05625
0 0.49843750000000003 0.7625 0.059375000000000004 0.08333333333333333
0 0.57578125 0.8041666666666667 0.060937500000000006 0.07916666666666666
0 0.40234375 0.5854166666666667 0.0546875 0.06666666666666667
0 0.35625 0.5208333333333334 0.053125000000000006 0.075
0 0.40703125 0.4614583333333333 0.051562500000000004 0.06458333333333333
0 0.4453125 0.41041666666666665 0.05625 0.07916666666666666
0 0.5203125000000001 0.31875 0.07187500000000001 0.10416666666666667
0 0.41953125 0.26979166666666665 0.060937500000000006 0.07708333333333334
0 0.215625 0.29375 0.046875 0.0625
0 0.18515625000000002 0.23124999999999998 0.0421875 0.058333333333333334
0 0.83515625 0.08645833333333333 0.0578125 0.08125
0 0.56484375 0.7270833333333333 0.06406250000000001 0.06666666666666667
0 0.5515625000000001 0.6604166666666667 0.05 0.05416666666666667
0 0.6109375 0.703125 0.05 0.06875
