0 0.5750000000000001 0.4 0.0625 0.07916666666666666
0 0.63046875 0.34479166666666666 0.06406250000000001 0.08541666666666667
0 0.81796875 0.66875 0.0546875 0.06666666666666667
0 0.790625 0.6166666666666667 0.046875 0.05416666666666667
0 0.9593750000000001 0.9052083333333333 0.046875 0.05625
0 0.51171875 0.7135416666666666 0.0671875 0.08541666666666667
0 0.48984375 0.8666666666666667 0.0734375 0.0875
0 0.453125 0.9541666666666666 0.06875 0.0875
0 0.26015625000000003 0.6604166666666667 0.06406250000000001 0.07916666666666666
0 0.66015625 0.7302083333333333 0.0421875 0.06041666666666667
0 0.41171875 0.26458333333333334 0.0421875 0.058333333333333334
0 0.6375000000000001 0.07708333333333334 0.053125000000000006 0.06666666666666667
0 0.6390625000000001 0.14583333333333334 0.05 0.0625
0 0.5890625 0.19375 0.043750000000000004 0.0625
0 0.534375 0.5770833333333333 0.040625 0.0625
0 0.36328125 0.5947916666666666 0.0390625 0.05625
0 0.2265625 0.975 0.05 0.04583333333333333
