0 0.8757812500000001 0.6291666666666667 0.1046875 0.13333333333333333
0 0.921875 0.828125 0.1 0.12708333333333333
0 0.69296875 0.9104166666666667 0.0921875 0.12083333333333333
0 0.7078125000000001 0.7 0.08125 0.11666666666666667
0 0.7796875000000001 0.5197916666666667 0.046875 0.06875
0 0.97265625 0.1375 0.051562500000000004 0.0875
0 0.22890625 0.9697916666666666 0.1015625 0.05625
0 0.12578125 0.9104166666666667 0.0734375 0.0875
0 0.28203125 0.7604166666666666 0.0484375 0.07083333333333333
0 0.54296875 0.5791666666666666 0.0484375 0.0625
0 0.5890625 0.5510416666666667 0.05 0.05625
0 0.7718750000000001 0.33958333333333335 0.05 0.06666666666666667
0 0.65546875 0.03229166666666666 0.07968750000000001 0.06458333333333333
0 0.47734375 0.3541666666666667 0.045312500000000006 0.05
