0 0.540625 0.42604166666666665 0.0625 0.11458333333333333
0 0.86875 0.63125 0.05 0.05416666666666667
0 0.88671875 0.49583333333333335 0.0390625 0.05416666666666667
0 0.88046875 0.421875 0.045312500000000006 0.052083333333333336
0 0.9046875000000001 0.3614583333333333 0.040625 0.052083333333333336
0 0.8765625 0.325 0.046875 0.058333333333333334
0 0.60078125 0.9666666666666667 0.0734375 0.0625
0 0.90625 0.93125 0.043750000000000004 0.05416666666666667
0 0.9710937500000001 0.9802083333333333 0.0546875 0.035416666666666666
0 0.28359375000000003 0.621875 0.0671875 0.09375
