0 0.10703125000000001 0.725 0.0546875 0.07916666666666666
0 0.1921875 0.7072916666666667 0.05625 0.06875
0 0.18906250000000002 0.8739583333333333 0.05 0.06458333333333333
0 0.60546875 0.7375 0.045312500000000006 0.0625
0 0.7015625000000001 0.796875 0.040625 0.05625
0 0.7250000000000001 0.8666666666666667 0.037500000000000006 0.05416666666666667
0 0.759375 0.8020833333333334 0.034375 0.04583333333333333
0 0.796875 0.78125 0.034375 0.041666666666666664
0 0.78125 0.8781249999999999 0.028125 0.03958333333333333
0 0.6273437500000001 0.9333333333333333 0.035937500000000004 0.04583333333333333
0 0.5203125000000001 0.821875 0.034375 0.04791666666666666
0 0.48828125 0.3572916666666667 0.029687500000000002 0.03958333333333333
0 0.60546875 0.5020833333333333 0.035937500000000004 0.04583333333333333
0 0.7015625000000001 0.5947916666666666 0.040625 0.05625
0 0.49921875000000004 0.6239583333333333 0.026562500000000003 0.03958333333333333
0 0.509375 0.665625 0.03125 0.04375
0 0.40468750000000003 0.79375 0.037500000000000006 0.041666666666666664
0 0.37031250000000004 0.91875 0.053125000000000006 0.0625
0 0.3375 0.9760416666666667 0.053125000000000006 0.04375
0 0.234375 0.9625 0.05 0.058333333333333334
0 0.032031250000000004 0.5645833333333333 0.035937500000000004 0.05
0 0.32578125 0.7958333333333333 0.0578125 0.058333333333333334
