0 0.025 0.7479166666666667 0.05 0.07916666666666666
0 0.17265625 0.6645833333333333 0.0328125 0.041666666666666664
0 0.17109375000000002 0.715625 0.0234375 0.04375
0 0.065625 0.6322916666666667 0.034375 0.04791666666666666
0 0.047656250000000004 0.540625 0.035937500000000004 0.052083333333333336
0 0.2515625 0.58125 0.025 0.0375
0 0.203125 0.5791666666666666 0.028125 0.041666666666666664
0 0.3359375 0.29791666666666666 0.053125000000000006 0.058333333333333334
0 0.33671875 0.38125 0.035937500000000004 0.04583333333333333
0 0.12734375 0.33125 0.0484375 0.058333333333333334
0 0.09765625 0.4375 0.029687500000000002 0.058333333333333334
0 0.109375 0.7635416666666667 0.034375 0.04791666666666666
0 0.4296875 0.13229166666666667 0.037500000000000006 0.05625
0 0.47109375000000003 0.109375 0.045312500000000006 0.052083333333333336
0 0.62421875 0.18125 0.035937500000000004 0.05
0 0.6140625000000001 0.04375 0.040625 0.05416666666666667
0 0.2234375 0.058333333333333334 0.040625 0.06666666666666667
0 0.3203125 0.2125 0.043750000000000004 0.058333333333333334
0 0.27109375 0.40208333333333335 0.026562500000000003 0.029166666666666667
0 0.039843750000000004 0.45 0.0421875 0.058333333333333334
