0 0.66171875 0.546875 0.0421875 0.05625
0 0.61484375 0.44375 0.045312500000000006 0.0625
0 0.71796875 0.296875 0.045312500000000006 0.052083333333333336
0 0.6218750000000001 0.26666666666666666 0.040625 0.058333333333333334
0 0.5242187500000001 0.3333333333333333 0.0484375 0.075
0 0.5171875 0.5354166666666667 0.043750000000000004 0.0625
0 0.5484375 0.5635416666666666 0.040625 0.05625
0 0.52265625 0.621875 0.0421875 0.05625
0 0.5242187500000001 0.696875 0.0390625 0.04791666666666666
0 0.25625000000000003 0.6395833333333333 0.043750000000000004 0.058333333333333334
0 0.2828125 0.6875 0.040625 0.05416666666666667
0 0.27421875 0.7552083333333334 0.0421875 0.052083333333333336
0 0.31015625 0.8979166666666667 0.0328125 0.05416666666666667
0 0.22265625 0.9760416666666667 0.0578125 0.04375
0 0.11093750000000001 0.7958333333333333 0.040625 0.05416666666666667
0 0.35625 0.20208333333333334 0.043750000000000004 0.05
0 0.53515625 0.028125 0.0421875 0.05625
0 0.6375000000000001 0.14583333333333334 0.053125000000000006 0.058333333333333334
0 0.57265625 0.24479166666666666 0.029687500000000002 0.04791666666666666
0 0.7195312500000001 0.4354166666666667 0.035937500000000004 0.05416666666666667
