0 0.94453125 0.8989583333333333 0.1078125 0.13958333333333334
0 0.565625 0.4583333333333333 0.06875 0.08333333333333333
0 0.62890625 0.4864583333333333 0.045312500000000006 0.06875
0 0.5703125 0.6041666666666666 0.06875 0.09166666666666666
0 0.62421875 0.73125 0.0546875 0.07083333333333333
0 0.596875 0.90625 0.059375000000000004 0.08333333333333333
0 0.38359375 0.8010416666666667 0.0703125 0.10625
0 0.4265625 0.9166666666666666 0.05 0.0875
0 0.47109375000000003 0.896875 0.0484375 0.08125
0 0.31953125000000004 0.7895833333333333 0.0421875 0.058333333333333334
0 0.34218750000000003 0.3572916666666667 0.09375 0.10208333333333333
0 0.49765625 0.43854166666666666 0.0671875 0.07708333333333334
0 0.465625 0.5541666666666667 0.06875 0.10416666666666667
0 0.2234375 0.9406249999999999 0.034375 0.052083333333333336
0 0.13359375 0.7635416666666667 0.0421875 0.06041666666666667
0 0.049218750000000006 0.9458333333333333 0.060937500000000006 0.07083333333333333
0 0.64453125 0.07604166666666666 0.0734375 0.11041666666666666
