0 0.7054687500000001 0.24479166666666666 0.0484375 0.05625
0 0.8390625 0.409375 0.08125 0.08958333333333333
0 0.8671875 0.5291666666666667 0.05625 0.0625
0 0.8406250000000001 0.8958333333333334 0.0625 0.075
0 0.8382812500000001 0.975 0.06406250000000001 0.04583333333333333
0 0.17734375000000002 0.6520833333333333 0.0421875 0.0625
0 0.09453125000000001 0.13854166666666667 0.0578125 0.08125
0 0.32109375 0.20625 0.0578125 0.07916666666666666
0 0.1390625 0.18854166666666666 0.053125000000000006 0.06875
0 0.44296875 0.19791666666666666 0.0421875 0.058333333333333334
0 0.48984375 0.15520833333333334 0.0390625 0.06041666666666667
0 0.52890625 0.12291666666666666 0.0484375 0.05416666666666667
0 0.5671875000000001 0.19166666666666665 0.046875 0.0625
0 0.5234375 0.2791666666666667 0.037500000000000006 0.05416666666666667
0 0.2390625 0.5489583333333333 0.03125 0.052083333333333336
0 0.26406250000000003 0.5145833333333333 0.040625 0.058333333333333334
0 0.44765625000000003 0.6083333333333333 0.035937500000000004 0.041666666666666664
0 0.21640625000000002 0.6541666666666667 0.0421875 0.05
0 0.23750000000000002 0.6854166666666667 0.040625 0.041666666666666664
0 0.2671875 0.8927083333333333 0.043750000000000004 0.06041666666666667
0 0.30312500000000003 0.9125 0.037500000000000006 0.04583333333333333
0 0.38046875 0.4895833333333333 0.0328125 0.041666666666666664
0 0.80078125 0.06041666666666667 0.0765625 0.1
0 0.7359375 0.11145833333333333 0.0625 0.08958333333333333
0 0.9125000000000001 0.184375 0.046875 0.06458333333333333
0 0.8812500000000001 0.3 0.06875 0.0875
0 0.48046875 0.371875 0.0328125 0.052083333333333336
