0 0.6296875000000001 0.5479166666666666 0.08750000000000001 0.11666666666666667
0 0.6625000000000001 0.496875 0.05625 0.09791666666666667
0 0.47187500000000004 0.384375 0.07500000000000001 0.09791666666666667
0 0.57734375 0.3802083333333333 0.0921875 0.11458333333333333
0 0.49921875000000004 0.4354166666666667 0.0765625 0.08333333333333333
0 0.48671875000000003 0.5260416666666666 0.0703125 0.09375
0 0.47187500000000004 0.6229166666666667 0.0625 0.08333333333333333
0 0.1328125 0.6197916666666666 0.1125 0.17708333333333334
0 0.2171875 0.7322916666666667 0.09062500000000001 0.13125
0 0.24765625000000002 0.8135416666666666 0.07968750000000001 0.09791666666666667
0 0.40546875000000004 0.4375 0.06406250000000001 0.08333333333333333
0 0.3609375 0.22395833333333334 0.053125000000000006 0.07291666666666667
0 0.41953125 0.035416666666666666 0.06406250000000001 0.06666666666666667
0 0.89375 0.22916666666666666 0.08750000000000001 0.1
0 0.7351562500000001 0.8239583333333333 0.060937500000000006 0.08958333333333333
0 0.97578125 0.10104166666666667 0.045312500000000006 0.11041666666666666
