0 0.84375 0.51875 0.065625 0.09583333333333333
0 0.7679687500000001 0.6489583333333333 0.0734375 0.09375
0 0.659375 0.3489583333333333 0.05 0.06458333333333333
0 0.35468750000000004 0.60625 0.05 0.06666666666666667
0 0.37031250000000004 0.7572916666666667 0.05 0.06875
0 0.49375 0.8604166666666666 0.06875 0.10416666666666667
0 0.41875 0.8447916666666666 0.065625 0.08541666666666667
0 0.45625000000000004 0.9479166666666666 0.0625 0.07916666666666666
0 0.53671875 0.9739583333333334 0.06406250000000001 0.04791666666666666
0 0.5867187500000001 0.9229166666666666 0.0546875 0.07083333333333333
0 0.12578125 0.325 0.0578125 0.07916666666666666
