0 0.571875 0.7677083333333333 0.0625 0.09375
0 0.04609375 0.78125 0.07968750000000001 0.09583333333333333
0 0.01953125 0.65625 0.0390625 0.058333333333333334
0 0.2078125 0.621875 0.046875 0.06041666666666667
0 0.3328125 0.6802083333333333 0.040625 0.05625
0 0.34609375000000003 0.9541666666666666 0.0390625 0.05416666666666667
0 0.37812500000000004 0.9729166666666667 0.037500000000000006 0.05
0 0.6546875000000001 0.9635416666666666 0.053125000000000006 0.06041666666666667
0 0.81640625 0.6979166666666666 0.0421875 0.05416666666666667
0 0.9632812500000001 0.678125 0.0421875 0.04791666666666666
0 0.9070312500000001 0.7739583333333333 0.0328125 0.03958333333333333
0 0.74140625 0.49166666666666664 0.0328125 0.0375
0 0.5796875 0.6572916666666666 0.046875 0.07291666666666667
0 0.328125 0.8989583333333333 0.040625 0.052083333333333336
