0 0.6109375 0.5614583333333333 0.05625 0.08541666666666667
0 0.07578125000000001 0.63125 0.0734375 0.08333333333333333
0 0.014843750000000001 0.55 0.029687500000000002 0.058333333333333334
0 0.20703125 0.48125 0.045312500000000006 0.06666666666666667
0 0.33359375 0.54375 0.035937500000000004 0.05
0 0.16171875000000002 0.7958333333333333 0.051562500000000004 0.07083333333333333
0 0.54609375 0.7458333333333333 0.0390625 0.05416666666666667
0 0.68359375 0.7260416666666667 0.0390625 0.052083333333333336
0 0.67109375 0.778125 0.0421875 0.052083333333333336
0 0.640625 0.8229166666666666 0.040625 0.05416666666666667
0 0.46875 0.8541666666666666 0.043750000000000004 0.05
0 0.40078125000000003 0.8156249999999999 0.029687500000000002 0.04791666666666666
0 0.20703125 0.9625 0.0734375 0.07083333333333333
0 0.11640625 0.921875 0.045312500000000006 0.07708333333333334
0 0.6046875 0.46458333333333335 0.053125000000000006 0.058333333333333334
0 0.94921875 0.46979166666666666 0.045312500000000006 0.05625
0 0.80859375 0.5135416666666667 0.035937500000000004 0.04791666666666666
0 0.91171875 0.571875 0.0421875 0.03958333333333333
0 0.76953125 0.44687499999999997 0.045312500000000006 0.05625
0 0.7234375000000001 0.33125 0.03125 0.041666666666666664
0 0.88828125 0.8302083333333333 0.0546875 0.06041666666666667
