0 0.7296875 0.6302083333333334 0.084375 0.11458333333333333
0 0.07890625000000001 0.19583333333333333 0.051562500000000004 0.0625
0 0.09921875000000001 0.2791666666666667 0.0484375 0.058333333333333334
0 0.1296875 0.36041666666666666 0.046875 0.058333333333333334
0 0.42578125 0.028125 0.0484375 0.05625
0 0.041406250000000006 0.11041666666666666 0.0484375 0.0625
0 0.3015625 0.14895833333333333 0.043750000000000004 0.04791666666666666
0 0.453125 0.309375 0.028125 0.03958333333333333
0 0.096875 0.02395833333333333 0.040625 0.04791666666666666
0 0.91015625 0.084375 0.045312500000000006 0.07708333333333334
