0 0.1703125 0.7583333333333333 0.065625 0.07916666666666666
0 0.27968750000000003 0.865625 0.06875 0.12708333333333333
0 0.40234375 0.421875 0.06406250000000001 0.08958333333333333
0 0.48046875 0.41354166666666664 0.0765625 0.10208333333333333
0 0.44921875 0.30416666666666664 0.08281250000000001 0.09583333333333333
0 0.3359375 0.14479166666666665 0.07187500000000001 0.10208333333333333
0 0.403125 0.09375 0.065625 0.0875
0 0.76328125 0.284375 0.0421875 0.06041666666666667
0 0.79453125 0.3125 0.0421875 0.058333333333333334
0 0.8015625000000001 0.16770833333333332 0.043750000000000004 0.052083333333333336
0 0.022656250000000003 0.05520833333333333 0.045312500000000006 0.08125
0 0.7796875000000001 0.035416666666666666 0.046875 0.06666666666666667
