0 0.37343750000000003 0.5458333333333333 0.06875 0.09166666666666666
0 0.46171875 0.725 0.060937500000000006 0.09166666666666666
0 0.565625 0.890625 0.078125 0.09375
0 0.5281250000000001 0.9802083333333333 0.0625 0.035416666666666666
0 0.13359375 0.5947916666666666 0.0421875 0.06041666666666667
0 0.5203125000000001 0.703125 0.05 0.06458333333333333
0 0.58984375 0.7354166666666666 0.0328125 0.04583333333333333
0 0.6273437500000001 0.7520833333333333 0.0390625 0.05416666666666667
0 0.9031250000000001 0.6791666666666667 0.053125000000000006 0.0625
0 0.94140625 0.6958333333333333 0.045312500000000006 0.05
0 0.7835937500000001 0.6291666666666667 0.0390625 0.0625
0 0.9148437500000001 0.615625 0.0484375 0.04791666666666666
0 0.9265625000000001 0.5572916666666666 0.05 0.04791666666666666
0 0.8203125 0.3489583333333333 0.05625 0.06875
0 0.9390625 0.3 0.078125 0.10416666666666667
0 0.86484375 0.23958333333333334 0.0546875 0.07916666666666666
0 0.853125 0.16875 0.037500000000000006 0.041666666666666664
0 0.39765625000000004 0.4354166666666667 0.045312500000000006 0.06666666666666667
0 0.45156250000000003 0.4583333333333333 0.046875 0.075
0 0.403125 0.903125 0.05625 0.04375
0 0.14296875 0.7364583333333333 0.0328125 0.052083333333333336
