0 0.21171875 0.484375 0.0859375 0.11458333333333333
0 0.022656250000000003 0.8604166666666666 0.0421875 0.06666666666666667
0 0.05234375 0.890625 0.051562500000000004 0.06458333333333333
0 0.10234375000000001 0.884375 0.051562500000000004 0.07291666666666667
0 0.21328125 0.865625 0.051562500000000004 0.052083333333333336
0 0.246875 0.8 0.034375 0.0375
0 0.2546875 0.7145833333333333 0.046875 0.058333333333333334
0 0.43046875 0.73125 0.0421875 0.0625
0 0.7992187500000001 0.6572916666666666 0.0703125 0.08125
0 0.8367187500000001 0.7135416666666666 0.045312500000000006 0.08125
0 0.7796875000000001 0.8354166666666667 0.06875 0.10416666666666667
0 0.84140625 0.5614583333333333 0.045312500000000006 0.06041666666666667
0 0.8187500000000001 0.4895833333333333 0.040625 0.06666666666666667
0 0.91796875 0.4875 0.0578125 0.06666666666666667
0 0.9343750000000001 0.5208333333333334 0.053125000000000006 0.058333333333333334
0 0.80390625 0.290625 0.0421875 0.052083333333333336
0 0.58203125 0.22916666666666666 0.0421875 0.05416666666666667
0 0.4578125 0.3333333333333333 0.034375 0.05
0 0.19062500000000002 0.3645833333333333 0.078125 0.08333333333333333
0 0.40703125 0.2739583333333333 0.0328125 0.03958333333333333
0 0.41875 0.321875 0.028125 0.03125
0 0.56484375 0.34375 0.029687500000000002 0.0375
0 0.603125 0.609375 0.040625 0.06875
