0 0.815625 0.8416666666666667 0.046875 0.075
0 0.5921875 0.70625 0.034375 0.05
0 0.5867187500000001 0.7604166666666666 0.035937500000000004 0.04583333333333333
0 0.61640625 0.7802083333333333 0.035937500000000004 0.04375
0 0.5921875 0.4583333333333333 0.037500000000000006 0.05416666666666667
0 0.57421875 0.5114583333333333 0.026562500000000003 0.04375
0 0.61875 0.4979166666666667 0.03125 0.041666666666666664
0 0.51953125 0.40208333333333335 0.026562500000000003 0.03333333333333333
0 0.5578125 0.36666666666666664 0.03125 0.0375
0 0.6171875 0.3385416666666667 0.025 0.04375
0 0.49453125000000003 0.2552083333333333 0.051562500000000004 0.08125
0 0.06640625 0.16875 0.0921875 0.11666666666666667
