0 0.06406250000000001 0.6947916666666667 0.1 0.11458333333333333
0 0.30078125 0.17916666666666667 0.0703125 0.09583333333333333
0 0.25390625 0.3177083333333333 0.0734375 0.09791666666666667
0 0.29531250000000003 0.4239583333333333 0.05625 0.06875
0 0.4078125 0.40208333333333335 0.046875 0.05416666666666667
0 0.54140625 0.38229166666666664 0.035937500000000004 0.04375
0 0.66796875 0.3625 0.045312500000000006 0.058333333333333334
0 0.46640625 0.6052083333333333 0.035937500000000004 0.052083333333333336
0 0.3515625 0.5114583333333333 0.043750000000000004 0.06875
0 0.49296875 0.4354166666666667 0.0390625 0.05416666666666667
0 0.5859375 0.6572916666666666 0.034375 0.04791666666666666
0 0.54140625 0.8937499999999999 0.051562500000000004 0.0625
0 0.1 0.6489583333333333 0.08750000000000001 0.08958333333333333
0 0.09062500000000001 0.140625 0.065625 0.08125
0 0.525 0.31979166666666664 0.034375 0.03958333333333333
0 0.64453125 0.22083333333333333 0.0421875 0.05
