0 0.6796875 0.7802083333333333 0.043750000000000004 0.06041666666666667
0 0.65234375 0.796875 0.0390625 0.052083333333333336
0 0.9375 0.709375 0.09062500000000001 0.11041666666666666
0 0.75703125 0.5552083333333333 0.0671875 0.08541666666666667
0 0.7820312500000001 0.6395833333333333 0.0421875 0.0625
0 0.8835937500000001 0.6479166666666667 0.0578125 0.075
0 0.86875 0.746875 0.05 0.07291666666666667
0 0.6335937500000001 0.6239583333333333 0.0484375 0.06875
0 0.4625 0.48333333333333334 0.084375 0.12083333333333333
0 0.57265625 0.43645833333333334 0.0578125 0.07708333333333334
0 0.41953125 0.28020833333333334 0.0890625 0.11041666666666666
0 0.57734375 0.3302083333333333 0.060937500000000006 0.07291666666666667
0 0.68515625 0.2604166666666667 0.06406250000000001 0.075
0 0.7296875 0.2708333333333333 0.059375000000000004 0.07083333333333333
0 0.8187500000000001 0.27291666666666664 0.07187500000000001 0.07916666666666666
0 0.8 0.3333333333333333 0.065625 0.0625
0 0.8601562500000001 0.4427083333333333 0.0578125 0.08125
0 0.9765625 0.33541666666666664 0.043750000000000004 0.15
0 0.88046875 0.5385416666666667 0.0484375 0.07708333333333334
0 0.6664062500000001 0.4979166666666667 0.051562500000000004 0.0625
0 0.6859375000000001 0.41354166666666664 0.05 0.07708333333333334
0 0.6023437500000001 0.209375 0.035937500000000004 0.05625
0 0.7609375 0.040625 0.059375000000000004 0.08125
