0 0.19140625 0.6572916666666666 0.0734375 0.09375
0 0.23203125000000002 0.828125 0.0671875 0.08541666666666667
0 0.39453125 0.8447916666666666 0.0671875 0.09375
0 0.390625 0.7302083333333333 0.0625 0.07708333333333334
0 0.3671875 0.7802083333333333 0.05 0.06875
0 0.48671875000000003 0.853125 0.0484375 0.06458333333333333
0 0.55703125 0.8468749999999999 0.060937500000000006 0.08541666666666667
0 0.5085937500000001 0.7427083333333333 0.051562500000000004 0.04791666666666666
0 0.5164062500000001 0.675 0.051562500000000004 0.058333333333333334
0 0.40468750000000003 0.6145833333333334 0.053125000000000006 0.06666666666666667
0 0.49296875 0.5625 0.060937500000000006 0.075
0 0.53515625 0.565625 0.051562500000000004 0.06458333333333333
0 0.6898437500000001 0.728125 0.0921875 0.12291666666666666
0 0.6898437500000001 0.8125 0.0671875 0.07916666666666666
0 0.9656250000000001 0.9416666666666667 0.065625 0.1125
0 0.7367187500000001 0.428125 0.051562500000000004 0.07708333333333334
0 0.9640625 0.29375 0.06875 0.13333333333333333
0 0.5078125 0.06041666666666667 0.07187500000000001 0.12083333333333333
0 0.55703125 0.11979166666666667 0.0734375 0.10208333333333333
0 0.4453125 0.271875 0.053125000000000006 0.08958333333333333
0 0.5375 0.37604166666666666 0.05 0.08541666666666667
0 0.65234375 0.6010416666666667 0.035937500000000004 0.05625
0 0.8093750000000001 0.365625 0.046875 0.05625
0 0.57265625 0.190625 0.0328125 0.04375
