0 0.6195312500000001 0.40520833333333334 0.1015625 0.13541666666666666
0 0.58125 0.4666666666666667 0.05 0.0625
0 0.884375 0.2125 0.09375 0.12083333333333333
0 0.52265625 0.271875 0.0734375 0.09791666666666667
0 0.28046875 0.225 0.0734375 0.09583333333333333
0 0.27734375 0.096875 0.0671875 0.09375
0 0.4234375 0.11666666666666667 0.046875 0.075
0 0.7132812500000001 0.12291666666666666 0.0484375 0.06666666666666667
0 0.24765625000000002 0.678125 0.051562500000000004 0.06458333333333333
0 0.30390625000000004 0.020833333333333332 0.0671875 0.041666666666666664
