0 0.753125 0.3833333333333333 0.078125 0.10416666666666667
0 0.8984375 0.3958333333333333 0.025 0.0375
0 0.9343750000000001 0.85 0.03125 0.041666666666666664
0 0.775 0.8760416666666666 0.028125 0.04375
0 0.62890625 0.9145833333333333 0.0328125 0.0375
0 0.7140625 0.9541666666666666 0.028125 0.0375
0 0.7140625 0.9208333333333333 0.028125 0.03333333333333333
0 0.7117187500000001 0.803125 0.026562500000000003 0.03958333333333333
0 0.28515625 0.2739583333333333 0.0578125 0.07708333333333334
0 0.240625 0.14895833333333333 0.078125 0.08541666666666667
0 0.153125 0.13229166666666667 0.065625 0.09375
0 0.084375 0.203125 0.07187500000000001 0.08958333333333333
0 0.24531250000000002 0.828125 0.043750000000000004 0.06875
0 0.78671875 0.7770833333333333 0.0328125 0.041666666666666664
0 0.8171875000000001 0.8322916666666667 0.028125 0.03958333333333333
0 0.8140625 0.8677083333333333 0.034375 0.03958333333333333
0 0.9242187500000001 0.8239583333333333 0.035937500000000004 0.03958333333333333
0 0.95625 0.8145833333333333 0.03125 0.04583333333333333
0 0.8460937500000001 0.7802083333333333 0.0390625 0.03958333333333333
0 0.8484375000000001 0.7302083333333333 0.040625 0.035416666666666666
0 0.9453125 0.5708333333333333 0.021875000000000002 0.03333333333333333
0 0.7703125000000001 0.678125 0.021875000000000002 0.027083333333333334
0 0.8453125 0.6864583333333333 0.021875000000000002 0.022916666666666665
0 0.80390625 0.6916666666666667 0.0234375 0.020833333333333332
0 0.8093750000000001 0.6697916666666667 0.025 0.022916666666666665
0 0.72578125 0.7770833333333333 0.0234375 0.025
0 0.7351562500000001 0.7979166666666666 0.0234375 0.029166666666666667
