0 0.22890625 0.9145833333333333 0.0578125 0.07083333333333333
0 0.28984375 0.871875 0.051562500000000004 0.06458333333333333
0 0.41640625000000003 0.30625 0.045312500000000006 0.07083333333333333
0 0.48125 0.4145833333333333 0.046875 0.05
0 0.5984375000000001 0.328125 0.040625 0.06458333333333333
0 0.6468750000000001 0.08125 0.05625 0.07083333333333333
0 0.46484375 0.12291666666666666 0.0546875 0.075
0 0.31953125000000004 0.12708333333333333 0.0546875 0.07083333333333333
0 0.33984375 0.21562499999999998 0.0546875 0.08125
0 0.31093750000000003 0.1625 0.05 0.05416666666666667
0 0.240625 0.33541666666666664 0.040625 0.041666666666666664
0 0.65625 0.525 0.021875000000000002 0.029166666666666667
0 0.6273437500000001 0.5416666666666666 0.0171875 0.025
0 0.96796875 0.9427083333333334 0.026562500000000003 0.035416666666666666
0 0.8703125 0.20833333333333334 0.025 0.03333333333333333
0 0.8609375 0.18020833333333333 0.018750000000000003 0.022916666666666665
0 0.9046875000000001 0.25625 0.018750000000000003 0.025
0 0.234375 0.3770833333333333 0.028125 0.0375
0 0.31328125 0.9177083333333333 0.026562500000000003 0.052083333333333336
