0 0.7796875000000001 0.2947916666666667 0.07500000000000001 0.10208333333333333
0 0.9296875 0.19791666666666666 0.03125 0.041666666666666664
0 0.35625 0.12395833333333334 0.05 0.06875
0 0.284375 0.11145833333333333 0.05625 0.08958333333333333
0 0.7296875 0.8552083333333333 0.03125 0.04375
0 0.8171875000000001 0.8989583333333333 0.028125 0.035416666666666666
0 0.87890625 0.825 0.029687500000000002 0.041666666666666664
0 0.925 0.7875 0.025 0.03333333333333333
0 0.91953125 0.8177083333333334 0.029687500000000002 0.03958333333333333
0 0.94921875 0.8447916666666666 0.029687500000000002 0.03958333333333333
0 0.8210937500000001 0.7635416666666667 0.026562500000000003 0.03958333333333333
0 0.8382812500000001 0.7479166666666667 0.029687500000000002 0.041666666666666664
0 0.89375 0.7385416666666667 0.03125 0.035416666666666666
0 0.25703125 0.34479166666666666 0.035937500000000004 0.052083333333333336
0 0.225 0.165625 0.040625 0.06875
0 0.38515625000000003 0.23541666666666666 0.0484375 0.0625
0 0.36953125000000003 0.7208333333333333 0.035937500000000004 0.05416666666666667
