0 0.6859375000000001 0.590625 0.028125 0.035416666666666666
0 0.6734375 0.5510416666666667 0.028125 0.035416666666666666
0 0.94453125 0.51875 0.026562500000000003 0.03333333333333333
0 0.71484375 0.3104166666666667 0.026562500000000003 0.0375
0 0.63984375 0.353125 0.0328125 0.04375
0 0.45234375000000004 0.35 0.035937500000000004 0.05
0 0.27421875 0.7177083333333333 0.035937500000000004 0.05625
0 0.30000000000000004 0.81875 0.043750000000000004 0.05416666666666667
0 0.240625 0.9791666666666666 0.034375 0.0375
0 0.08750000000000001 0.546875 0.03125 0.04791666666666666
0 0.15625 0.5354166666666667 0.034375 0.03333333333333333
0 0.17578125 0.56875 0.035937500000000004 0.041666666666666664
0 0.21171875 0.5927083333333333 0.0390625 0.04375
0 0.25078125 0.6270833333333333 0.035937500000000004 0.04583333333333333
0 0.43671875000000004 0.309375 0.026562500000000003 0.03125
0 0.23750000000000002 0.3677083333333333 0.037500000000000006 0.04791666666666666
0 0.21015625000000002 0.23958333333333334 0.035937500000000004 0.05
0 0.0921875 0.178125 0.034375 0.04791666666666666
0 0.27734375 0.17708333333333334 0.029687500000000002 0.05
0 0.21640625000000002 0.10833333333333334 0.029687500000000002 0.041666666666666664
0 0.32578125 0.12916666666666665 0.0328125 0.03333333333333333
0 0.32343750000000004 0.17291666666666666 0.034375 0.04583333333333333
0 0.3484375 0.19479166666666667 0.028125 0.04791666666666666
0 0.38906250000000003 0.20625 0.037500000000000006 0.04583333333333333
0 0.3984375 0.15 0.040625 0.041666666666666664
0 0.39609375 0.11458333333333333 0.035937500000000004 0.04583333333333333
0 0.44765625000000003 0.24895833333333334 0.029687500000000002 0.03958333333333333
0 0.55703125 0.21770833333333334 0.0390625 0.05625
0 0.6046875 0.209375 0.037500000000000006 0.03958333333333333
0 0.62109375 0.184375 0.0328125 0.04375
0 0.5015625 0.37604166666666666 0.028125 0.03958333333333333
0 0.64375 0.3072916666666667 0.028125 0.035416666666666666
0 0.540625 0.06458333333333333 0.028125 0.0375
0 0.41718750000000004 0.051041666666666666 0.034375 0.04375
0 0.39921875 0.07291666666666667 0.0328125 0.0375
0 0.33671875 0.020833333333333332 0.0328125 0.041666666666666664
0 0.31953125000000004 0.090625 0.0390625 0.03958333333333333
