0 0.6195312500000001 0.403125 0.0578125 0.07708333333333334
0 0.6585937500000001 0.6916666666666667 0.0421875 0.06666666666666667
0 0.60078125 0.7354166666666666 0.0578125 0.08333333333333333
0 0.328125 0.490625 0.034375 0.04791666666666666
0 0.5242187500000001 0.6895833333333333 0.029687500000000002 0.05416666666666667
0 0.8015625000000001 0.56875 0.028125 0.04583333333333333
0 0.90625 0.5958333333333333 0.025 0.03333333333333333
0 0.9085937500000001 0.559375 0.0234375 0.03958333333333333
0 0.5437500000000001 0.27291666666666664 0.040625 0.05
0 0.6109375 0.20625 0.046875 0.075
0 0.66328125 0.11145833333333333 0.051562500000000004 0.08125
