0 0.15078125 0.43645833333333334 0.07968750000000001 0.09791666666666667
0 0.33984375 0.5114583333333333 0.06406250000000001 0.07291666666666667
0 0.6015625 0.36041666666666666 0.084375 0.1125
0 0.640625 0.33125 0.07500000000000001 0.09583333333333333
0 0.5593750000000001 0.46875 0.09062500000000001 0.1125
0 0.6203125 0.6104166666666666 0.096875 0.14166666666666666
0 0.55 0.6583333333333333 0.078125 0.10416666666666667
0 0.53515625 0.7083333333333334 0.060937500000000006 0.07083333333333333
0 0.47109375000000003 0.6416666666666666 0.06406250000000001 0.07916666666666666
0 0.54296875 0.8302083333333333 0.051562500000000004 0.07291666666666667
