0 0.52890625 0.6864583333333333 0.0734375 0.11041666666666666
0 0.047656250000000004 0.8312499999999999 0.0484375 0.06666666666666667
0 0.08125 0.859375 0.05 0.06041666666666667
0 0.030468750000000003 0.7416666666666667 0.0390625 0.05416666666666667
0 0.055468750000000004 0.6854166666666667 0.051562500000000004 0.07083333333333333
0 0.7562500000000001 0.784375 0.059375000000000004 0.08125
0 0.7078125000000001 0.2916666666666667 0.06875 0.1
0 0.6453125000000001 0.31979166666666664 0.07187500000000001 0.09791666666666667
0 0.75546875 0.21770833333333334 0.0484375 0.06041666666666667
0 0.42031250000000003 0.17604166666666665 0.05625 0.07291666666666667
0 0.47968750000000004 0.20416666666666666 0.053125000000000006 0.058333333333333334
0 0.5109375 0.25 0.05625 0.07083333333333333
0 0.54453125 0.29270833333333335 0.0546875 0.06875
