0 0.45937500000000003 0.5020833333333333 0.065625 0.08333333333333333
0 0.44062500000000004 0.6104166666666666 0.06875 0.07083333333333333
0 0.44453125000000004 0.6958333333333333 0.051562500000000004 0.07083333333333333
0 0.203125 0.6645833333333333 0.065625 0.08333333333333333
0 0.2234375 0.7364583333333333 0.059375000000000004 0.06458333333333333
0 0.4859375 0.9291666666666667 0.059375000000000004 0.0875
0 0.6890625 0.7447916666666666 0.06875 0.07708333333333334
0 0.7117187500000001 0.8125 0.0484375 0.07916666666666666
0 0.8718750000000001 0.4125 0.059375000000000004 0.07083333333333333
0 0.9546875 0.29375 0.065625 0.0875
0 0.63671875 0.36875 0.0578125 0.08333333333333333
0 0.6234375000000001 0.07916666666666666 0.065625 0.075
0 0.6039062500000001 0.171875 0.0484375 0.07291666666666667
0 0.05390625 0.18541666666666667 0.0734375 0.0875
0 0.02734375 0.225 0.0546875 0.09166666666666666
0 0.15546875000000002 0.30625 0.0484375 0.06666666666666667
0 0.20703125 0.3625 0.060937500000000006 0.07083333333333333
0 0.76484375 0.4322916666666667 0.0734375 0.09375
0 0.1546875 0.625 0.059375000000000004 0.07916666666666666
