0 0.3875 0.490625 0.0625 0.08958333333333333
0 0.571875 0.346875 0.053125000000000006 0.08125
0 0.6960937500000001 0.41875 0.06406250000000001 0.0875
0 0.815625 0.3958333333333333 0.053125000000000006 0.07083333333333333
0 0.884375 0.275 0.06875 0.09166666666666666
0 0.5476562500000001 0.05625 0.0578125 0.07083333333333333
0 0.53671875 0.14791666666666667 0.0484375 0.06666666666666667
0 0.93359375 0.06979166666666667 0.060937500000000006 0.08125
0 0.634375 0.7302083333333333 0.0625 0.07708333333333334
0 0.65546875 0.8 0.0578125 0.08333333333333333
0 0.4234375 0.9302083333333333 0.05625 0.09375
0 0.153125 0.74375 0.059375000000000004 0.06666666666666667
0 0.13125 0.66875 0.059375000000000004 0.08333333333333333
0 0.08125 0.6208333333333333 0.059375000000000004 0.07916666666666666
0 0.13671875 0.35104166666666664 0.0578125 0.06875
0 0.07187500000000001 0.3052083333333333 0.05625 0.06458333333333333
0 0.021875000000000002 0.11145833333333333 0.043750000000000004 0.06041666666666667
0 0.3765625 0.6052083333333333 0.07187500000000001 0.06458333333333333
0 0.37578125 0.684375 0.051562500000000004 0.06875
0 0.9640625 0.6375 0.040625 0.07083333333333333
