0 0.6156250000000001 0.46979166666666666 0.07500000000000001 0.10208333333333333
0 0.9265625000000001 0.42916666666666664 0.05625 0.07916666666666666
0 0.79609375 0.36875 0.0484375 0.0625
0 0.8992187500000001 0.15729166666666666 0.06406250000000001 0.09375
0 0.91796875 0.296875 0.0703125 0.08541666666666667
0 0.33437500000000003 0.5229166666666667 0.043750000000000004 0.0625
0 0.3484375 0.46770833333333334 0.053125000000000006 0.06875
0 0.2984375 0.396875 0.043750000000000004 0.06458333333333333
0 0.26640625 0.340625 0.0546875 0.06041666666666667
0 0.25859375 0.2708333333333333 0.0578125 0.07916666666666666
0 0.41171875 0.030208333333333334 0.051562500000000004 0.06041666666666667
0 0.20234375000000002 0.18229166666666666 0.0390625 0.07708333333333334
0 0.03359375 0.065625 0.051562500000000004 0.06875
0 0.8875000000000001 0.5510416666666667 0.037500000000000006 0.05625
