0 0.61875 0.646875 0.059375000000000004 0.06875
0 0.6421875 0.7177083333333333 0.059375000000000004 0.07708333333333334
0 0.69921875 0.3802083333333333 0.06406250000000001 0.08958333333333333
0 0.7820312500000001 0.2989583333333333 0.035937500000000004 0.05625
0 0.878125 0.259375 0.06875 0.09375
0 0.9460937500000001 0.051041666666666666 0.06406250000000001 0.08125
0 0.5609375 0.05 0.059375000000000004 0.075
0 0.58203125 0.3208333333333333 0.0546875 0.075
0 0.38906250000000003 0.4354166666666667 0.05625 0.07916666666666666
0 0.22031250000000002 0.5635416666666666 0.059375000000000004 0.07291666666666667
0 0.24375000000000002 0.6270833333333333 0.046875 0.058333333333333334
0 0.3796875 0.5333333333333333 0.05625 0.0625
0 0.4390625 0.8010416666666667 0.053125000000000006 0.08125
0 0.47890625000000003 0.8885416666666667 0.0578125 0.07708333333333334
0 0.4734375 0.928125 0.0625 0.06041666666666667
0 0.509375 0.978125 0.043750000000000004 0.03958333333333333
0 0.059375000000000004 0.16458333333333333 0.06875 0.075
0 0.039843750000000004 0.20104166666666667 0.0546875 0.06041666666666667
0 0.16953125000000002 0.2583333333333333 0.0484375 0.058333333333333334
0 0.23593750000000002 0.29583333333333334 0.05 0.058333333333333334
0 0.17500000000000002 0.365625 0.05 0.06458333333333333
0 0.28203125 0.075 0.0421875 0.05416666666666667
0 0.6296875000000001 0.54375 0.043750000000000004 0.0625
