0 0.6156250000000001 0.6135416666666667 0.0625 0.07708333333333334
0 0.5789062500000001 0.6614583333333334 0.060937500000000006 0.06875
0 0.55625 0.5197916666666667 0.05625 0.07708333333333334
0 0.51484375 0.45625 0.06406250000000001 0.075
0 0.5437500000000001 0.38125 0.06875 0.08333333333333333
0 0.48750000000000004 0.26979166666666665 0.059375000000000004 0.08958333333333333
0 0.2265625 0.075 0.05625 0.08333333333333333
0 0.75 0.1 0.07187500000000001 0.08333333333333333
0 0.75546875 0.18229166666666666 0.0671875 0.10208333333333333
0 0.42812500000000003 0.35833333333333334 0.053125000000000006 0.06666666666666667
