0 0.19375 0.165625 0.10625000000000001 0.14791666666666667
0 0.878125 0.45 0.16875 0.2125
0 0.940625 0.6177083333333333 0.115625 0.18958333333333333
0 0.85703125 0.8 0.1390625 0.1875
0 0.4890625 0.7895833333333333 0.059375000000000004 0.07916666666666666
0 0.1234375 0.5760416666666667 0.065625 0.08125
0 0.671875 0.5458333333333333 0.08125 0.125
0 0.42890625000000004 0.39479166666666665 0.060937500000000006 0.08125
0 0.28125 0.35833333333333334 0.07187500000000001 0.09583333333333333
0 0.65390625 0.165625 0.11093750000000001 0.15625
0 0.353125 0.8552083333333333 0.07187500000000001 0.09375
0 0.5 0.90625 0.06875 0.09166666666666666
0 0.6492187500000001 0.8427083333333333 0.0734375 0.13125
0 0.1203125 0.8937499999999999 0.065625 0.0875
0 0.03515625 0.6802083333333333 0.0546875 0.07708333333333334
0 0.23203125000000002 0.321875 0.0546875 0.08541666666666667
0 0.26484375 0.25625 0.060937500000000006 0.075
