0 0.1484375 0.9177083333333333 0.059375000000000004 0.07291666666666667
0 0.15390625000000002 0.96875 0.0671875 0.058333333333333334
0 0.0703125 0.4114583333333333 0.06875 0.08958333333333333
0 0.0546875 0.5125 0.059375000000000004 0.07083333333333333
0 0.321875 0.31875 0.065625 0.09583333333333333
0 0.31484375000000003 0.036458333333333336 0.0578125 0.07291666666666667
0 0.7054687500000001 0.09479166666666666 0.060937500000000006 0.08125
0 0.6062500000000001 0.2875 0.05625 0.07083333333333333
0 0.4296875 0.3958333333333333 0.059375000000000004 0.08333333333333333
0 0.35625 0.4822916666666667 0.034375 0.06041666666666667
0 0.3296875 0.6729166666666666 0.043750000000000004 0.06666666666666667
0 0.7953125000000001 0.934375 0.059375000000000004 0.06875
0 0.7125 0.690625 0.03125 0.052083333333333336
0 0.7046875 0.9197916666666667 0.040625 0.05625
