0 0.48203125 0.4979166666666667 0.051562500000000004 0.07916666666666666
0 0.79296875 0.578125 0.0578125 0.06875
0 0.78671875 0.484375 0.0578125 0.08541666666666667
0 0.65234375 0.41770833333333335 0.0421875 0.06041666666666667
0 0.29375 0.475 0.040625 0.058333333333333334
0 0.3125 0.43333333333333335 0.034375 0.05416666666666667
0 0.28984375 0.3729166666666667 0.0390625 0.05
0 0.2609375 0.31875 0.043750000000000004 0.05416666666666667
0 0.2625 0.2635416666666667 0.046875 0.052083333333333336
0 0.6492187500000001 0.55 0.045312500000000006 0.06666666666666667
0 0.67109375 0.6583333333333333 0.0328125 0.058333333333333334
0 0.43828125 0.9406249999999999 0.026562500000000003 0.052083333333333336
0 0.7132812500000001 0.325 0.0484375 0.08333333333333333
