0 0.5921875 0.8156249999999999 0.046875 0.07291666666666667
0 0.859375 0.8177083333333334 0.0625 0.06875
0 0.8382812500000001 0.7333333333333333 0.051562500000000004 0.0625
0 0.4890625 0.853125 0.040625 0.04375
0 0.49140625000000004 0.8083333333333333 0.0390625 0.04583333333333333
0 0.4765625 0.7677083333333333 0.040625 0.052083333333333336
0 0.4546875 0.728125 0.040625 0.03958333333333333
0 0.45156250000000003 0.6895833333333333 0.05 0.05
0 0.390625 0.40625 0.040625 0.05416666666666667
0 0.38671875 0.4666666666666667 0.026562500000000003 0.0375
0 0.4421875 0.34270833333333334 0.037500000000000006 0.06041666666666667
0 0.50546875 0.17395833333333333 0.035937500000000004 0.04791666666666666
0 0.7250000000000001 0.12395833333333334 0.037500000000000006 0.052083333333333336
0 0.91953125 0.05520833333333333 0.06406250000000001 0.08541666666666667
0 0.7328125000000001 0.27291666666666664 0.046875 0.05
0 0.75 0.34375 0.03125 0.04583333333333333
0 0.20703125 0.459375 0.0421875 0.06041666666666667
0 0.25234375000000003 0.2916666666666667 0.035937500000000004 0.05
0 0.34140625 0.5177083333333333 0.0421875 0.052083333333333336
0 0.96484375 0.4458333333333333 0.060937500000000006 0.07083333333333333
