0 0.20703125 0.4114583333333333 0.051562500000000004 0.05625
0 0.20078125000000002 0.34479166666666666 0.051562500000000004 0.052083333333333336
0 0.4390625 0.3697916666666667 0.03125 0.035416666666666666
0 0.41328125000000004 0.2947916666666667 0.035937500000000004 0.035416666666666666
0 0.4734375 0.3385416666666667 0.03125 0.03958333333333333
0 0.43984375000000003 0.20416666666666666 0.0328125 0.0375
0 0.40859375000000003 0.16770833333333332 0.0328125 0.035416666666666666
0 0.4890625 0.253125 0.03125 0.035416666666666666
0 0.5078125 0.23958333333333334 0.028125 0.03333333333333333
0 0.5171875 0.28541666666666665 0.03125 0.0375
0 0.35859375000000004 0.4979166666666667 0.029687500000000002 0.03333333333333333
0 0.509375 0.484375 0.025 0.022916666666666665
0 0.29453125 0.553125 0.029687500000000002 0.035416666666666666
0 0.15625 0.27291666666666664 0.046875 0.04583333333333333
0 0.18906250000000002 0.08333333333333333 0.046875 0.05416666666666667
