0 0.48203125 0.04791666666666666 0.1203125 0.09583333333333333
0 0.7953125000000001 0.7864583333333334 0.037500000000000006 0.03958333333333333
0 0.8578125000000001 0.65 0.034375 0.05
0 0.9789062500000001 0.50625 0.026562500000000003 0.041666666666666664
0 0.98203125 0.42291666666666666 0.0234375 0.025
0 0.9906250000000001 0.4614583333333333 0.015625 0.022916666666666665
0 0.8968750000000001 0.3416666666666667 0.018750000000000003 0.029166666666666667
0 0.9640625 0.321875 0.025 0.022916666666666665
0 0.9070312500000001 0.29375 0.0171875 0.025
0 0.9125000000000001 0.25729166666666664 0.018750000000000003 0.022916666666666665
0 0.92109375 0.23333333333333334 0.0171875 0.020833333333333332
0 0.94453125 0.2635416666666667 0.0234375 0.027083333333333334
0 0.76484375 0.5677083333333334 0.0234375 0.027083333333333334
0 0.8226562500000001 0.515625 0.0171875 0.027083333333333334
0 0.65 0.7979166666666666 0.05 0.0625
