0 0.54609375 0.49374999999999997 0.0734375 0.09166666666666666
0 0.546875 0.396875 0.0625 0.08125
0 0.78046875 0.2895833333333333 0.0671875 0.08333333333333333
0 0.96640625 0.5854166666666667 0.0203125 0.029166666666666667
0 0.971875 0.540625 0.018750000000000003 0.027083333333333334
0 0.9734375000000001 0.5052083333333334 0.018750000000000003 0.022916666666666665
0 0.98359375 0.48854166666666665 0.0171875 0.027083333333333334
0 0.953125 0.43333333333333335 0.015625 0.025
0 0.9375 0.43124999999999997 0.018750000000000003 0.029166666666666667
0 0.90390625 0.490625 0.0203125 0.022916666666666665
0 0.81171875 0.8572916666666667 0.026562500000000003 0.03125
0 0.8359375 0.8145833333333333 0.018750000000000003 0.0375
0 0.60078125 0.921875 0.029687500000000002 0.035416666666666666
0 0.25859375 0.7104166666666667 0.0203125 0.029166666666666667
0 0.3015625 0.53125 0.025 0.029166666666666667
