0 0.275 0.546875 0.028125 0.03125
0 0.3015625 0.5166666666666666 0.028125 0.03333333333333333
0 0.27890625 0.49166666666666664 0.0328125 0.0375
0 0.25 0.390625 0.037500000000000006 0.03958333333333333
0 0.23671875 0.33541666666666664 0.0328125 0.041666666666666664
0 0.25859375 0.209375 0.035937500000000004 0.04791666666666666
0 0.28125 0.24791666666666667 0.034375 0.04583333333333333
0 0.30078125 0.2552083333333333 0.0328125 0.04375
0 0.30078125 0.19375 0.035937500000000004 0.05
0 0.34375 0.13854166666666667 0.037500000000000006 0.04375
0 0.34296875000000004 0.17604166666666665 0.0390625 0.04375
0 0.38515625000000003 0.17604166666666665 0.0328125 0.04375
0 0.28515625 0.16458333333333333 0.0421875 0.0375
0 0.03828125 0.09375 0.029687500000000002 0.0375
0 0.97578125 0.31354166666666666 0.045312500000000006 0.08125
