0 0.23828125 0.50625 0.0578125 0.05
0 0.20703125 0.465625 0.045312500000000006 0.052083333333333336
0 0.2109375 0.41041666666666665 0.046875 0.0625
0 0.21484375 0.23645833333333333 0.0390625 0.05625
0 0.403125 0.28854166666666664 0.05625 0.06875
0 0.403125 0.3458333333333333 0.05625 0.06666666666666667
0 0.45234375000000004 0.19791666666666666 0.051562500000000004 0.06666666666666667
0 0.6546875000000001 0.23333333333333334 0.043750000000000004 0.05
0 0.61640625 0.7322916666666667 0.029687500000000002 0.04375
0 0.6468750000000001 0.7375 0.025 0.03333333333333333
0 0.8093750000000001 0.734375 0.046875 0.06875
0 0.81796875 0.8 0.0484375 0.05416666666666667
0 0.8703125 0.6604166666666667 0.05 0.08333333333333333
0 0.5554687500000001 0.8885416666666667 0.026562500000000003 0.035416666666666666
0 0.5710937500000001 0.928125 0.0234375 0.04375
0 0.6179687500000001 0.9249999999999999 0.026562500000000003 0.020833333333333332
0 0.6000000000000001 0.825 0.03125 0.0375
0 0.5953125 0.7833333333333333 0.028125 0.03333333333333333
