0 0.32656250000000003 0.5958333333333333 0.037500000000000006 0.05416666666666667
0 0.28359375000000003 0.4479166666666667 0.0421875 0.05
0 0.7765625 0.303125 0.03125 0.04375
0 0.74609375 0.2791666666666667 0.035937500000000004 0.041666666666666664
0 0.6960937500000001 0.19375 0.035937500000000004 0.05
0 0.59765625 0.18854166666666666 0.029687500000000002 0.03125
0 0.6804687500000001 0.026041666666666668 0.0328125 0.04375
0 0.70234375 0.075 0.0328125 0.041666666666666664
0 0.7523437500000001 0.020833333333333332 0.035937500000000004 0.0375
0 0.8187500000000001 0.022916666666666665 0.034375 0.04583333333333333
0 0.8609375 0.057291666666666664 0.025 0.03125
0 0.915625 0.022916666666666665 0.034375 0.0375
0 0.9859375 0.12291666666666666 0.025 0.041666666666666664
0 0.46718750000000003 0.11979166666666667 0.028125 0.03958333333333333
0 0.51875 0.075 0.028125 0.041666666666666664
0 0.61875 0.14375 0.028125 0.0375
