0 0.6257812500000001 0.56875 0.029687500000000002 0.0375
0 0.6171875 0.36041666666666666 0.03125 0.041666666666666664
0 0.59375 0.030208333333333334 0.034375 0.05625
0 0.39765625000000004 0.43333333333333335 0.0328125 0.05416666666666667
0 0.3203125 0.7239583333333334 0.037500000000000006 0.04375
0 0.28203125 0.6947916666666667 0.0328125 0.03958333333333333
0 0.38828125 0.7302083333333333 0.029687500000000002 0.04375
0 0.41484375 0.7479166666666667 0.0328125 0.041666666666666664
0 0.43359375 0.8125 0.029687500000000002 0.0375
0 0.31562500000000004 0.41875 0.040625 0.04583333333333333
0 0.3375 0.3958333333333333 0.037500000000000006 0.04583333333333333
0 0.246875 0.459375 0.040625 0.04791666666666666
0 0.2328125 0.4041666666666667 0.034375 0.05
0 0.42578125 0.32708333333333334 0.035937500000000004 0.041666666666666664
0 0.41015625 0.2677083333333333 0.035937500000000004 0.04375
0 0.37265625 0.22395833333333334 0.0421875 0.052083333333333336
0 0.38046875 0.18958333333333333 0.0328125 0.041666666666666664
0 0.39375000000000004 0.13854166666666667 0.03125 0.04375
0 0.153125 0.20625 0.034375 0.041666666666666664
0 0.025 0.38125 0.034375 0.041666666666666664
0 0.109375 0.4145833333333333 0.034375 0.041666666666666664
0 0.009375000000000001 0.4583333333333333 0.018750000000000003 0.0375
