0 0.55234375 0.409375 0.035937500000000004 0.04375
0 0.6117187500000001 0.4427083333333333 0.0328125 0.04375
0 0.5906250000000001 0.509375 0.037500000000000006 0.052083333333333336
0 0.52734375 0.5927083333333333 0.0390625 0.04791666666666666
0 0.47734375 0.6791666666666667 0.0328125 0.05
0 0.61484375 0.7489583333333333 0.045312500000000006 0.04791666666666666
0 0.46484375 0.4635416666666667 0.0421875 0.052083333333333336
0 0.46015625000000004 0.4041666666666667 0.0421875 0.04583333333333333
0 0.58203125 0.31979166666666664 0.0421875 0.052083333333333336
0 0.8640625000000001 0.03854166666666667 0.059375000000000004 0.06875
