0 0.32656250000000003 0.6020833333333333 0.043750000000000004 0.05416666666666667
0 0.34609375000000003 0.7635416666666667 0.035937500000000004 0.04791666666666666
0 0.3296875 0.8229166666666666 0.034375 0.05
0 0.3484375 0.8541666666666666 0.034375 0.04583333333333333
0 0.10546875 0.75 0.0328125 0.041666666666666664
0 0.08203125 0.6822916666666666 0.0234375 0.03125
0 0.43671875000000004 0.09479166666666666 0.0546875 0.06875
0 0.3140625 0.040625 0.065625 0.08125
0 0.41015625 0.022916666666666665 0.0546875 0.04583333333333333
0 0.4765625 0.02395833333333333 0.046875 0.04791666666666666
0 0.371875 0.19791666666666666 0.05625 0.075
