0 0.32265625000000003 0.6145833333333334 0.0890625 0.1125
0 0.30312500000000003 0.45416666666666666 0.07500000000000001 0.09166666666666666
0 0.5296875 0.5125 0.043750000000000004 0.05416666666666667
0 0.56640625 0.40729166666666666 0.051562500000000004 0.07708333333333334
0 0.31953125000000004 0.15625 0.051562500000000004 0.06666666666666667
0 0.5593750000000001 0.19375 0.059375000000000004 0.06666666666666667
0 0.53828125 0.1375 0.045312500000000006 0.05
0 0.75546875 0.19166666666666665 0.060937500000000006 0.07083333333333333
0 0.84765625 0.259375 0.06406250000000001 0.06875
0 0.8601562500000001 0.328125 0.0484375 0.06041666666666667
0 0.9148437500000001 0.34479166666666666 0.045312500000000006 0.08125
0 0.70234375 0.640625 0.035937500000000004 0.04791666666666666
0 0.734375 0.6677083333333333 0.03125 0.03958333333333333
0 0.81953125 0.7083333333333334 0.0328125 0.041666666666666664
0 0.8187500000000001 0.603125 0.037500000000000006 0.04791666666666666
0 0.73203125 0.46979166666666666 0.0390625 0.04791666666666666
0 0.08984375 0.7635416666666667 0.0734375 0.09375
0 0.11093750000000001 0.9666666666666667 0.059375000000000004 0.0625
