0 0.6726562500000001 0.5333333333333333 0.029687500000000002 0.041666666666666664
0 0.796875 0.46458333333333335 0.040625 0.0625
0 0.6570312500000001 0.49166666666666664 0.0328125 0.03333333333333333
0 0.6390625000000001 0.4510416666666667 0.028125 0.04375
0 0.6585937500000001 0.43645833333333334 0.029687500000000002 0.04375
0 0.6578125 0.3989583333333333 0.025 0.035416666666666666
0 0.6734375 0.359375 0.034375 0.04791666666666666
0 0.74609375 0.3729166666666667 0.035937500000000004 0.041666666666666664
0 0.6898437500000001 0.21770833333333334 0.0390625 0.052083333333333336
0 0.8390625 0.23020833333333332 0.034375 0.04791666666666666
0 0.696875 0.08333333333333333 0.040625 0.058333333333333334
0 0.80078125 0.05625 0.045312500000000006 0.058333333333333334
