0 0.36015625 0.17916666666666667 0.0890625 0.12083333333333333
0 0.45078125 0.11145833333333333 0.08281250000000001 0.08958333333333333
0 0.6195312500000001 0.22604166666666667 0.0921875 0.11041666666666666
0 0.7835937500000001 0.2916666666666667 0.1046875 0.15
0 0.90234375 0.25729166666666664 0.13593750000000002 0.15625
0 0.9703125 0.384375 0.05625 0.15625
0 0.46015625000000004 0.5427083333333333 0.1421875 0.18958333333333333
0 0.58828125 0.525 0.1171875 0.175
0 0.625 0.7354166666666666 0.15000000000000002 0.20416666666666666
0 0.75703125 0.9270833333333334 0.1484375 0.14166666666666666
0 0.23671875 0.5354166666666667 0.0734375 0.09166666666666666
0 0.35234375 0.48333333333333334 0.0890625 0.125
0 0.078125 0.284375 0.09375 0.11875
0 0.03828125 0.04583333333333333 0.0765625 0.09166666666666666
0 0.25859375 0.403125 0.11093750000000001 0.11458333333333333
