0 0.7375 0.61875 0.043750000000000004 0.05
0 0.6976562500000001 0.5135416666666667 0.0390625 0.04791666666666666
0 0.6000000000000001 0.49895833333333334 0.043750000000000004 0.06041666666666667
0 0.7640625000000001 0.440625 0.05 0.05625
0 0.8109375000000001 0.3614583333333333 0.040625 0.04791666666666666
0 0.75390625 0.33958333333333335 0.0484375 0.05416666666666667
0 0.7250000000000001 0.38645833333333335 0.037500000000000006 0.04375
0 0.6546875000000001 0.22395833333333334 0.046875 0.05625
0 0.7625000000000001 0.21458333333333332 0.046875 0.06666666666666667
0 0.7359375 0.022916666666666665 0.034375 0.04583333333333333
0 0.58203125 0.5739583333333333 0.0484375 0.04791666666666666
0 0.56875 0.5364583333333334 0.034375 0.04791666666666666
0 0.5546875 0.5875 0.034375 0.041666666666666664
0 0.55625 0.6416666666666666 0.040625 0.05
0 0.578125 0.6822916666666666 0.037500000000000006 0.04375
