0 0.6898437500000001 0.453125 0.0546875 0.06041666666666667
0 0.55390625 0.46875 0.0421875 0.058333333333333334
0 0.46718750000000003 0.49166666666666664 0.040625 0.04583333333333333
0 0.45625000000000004 0.5427083333333333 0.043750000000000004 0.04791666666666666
0 0.45078125 0.575 0.0234375 0.0375
0 0.5320312500000001 0.5677083333333334 0.035937500000000004 0.04375
0 0.52734375 0.6166666666666667 0.0234375 0.0375
0 0.35078125000000004 0.6072916666666667 0.045312500000000006 0.04791666666666666
0 0.35000000000000003 0.6572916666666666 0.028125 0.04375
0 0.390625 0.6635416666666667 0.040625 0.03958333333333333
0 0.36015625 0.7875 0.029687500000000002 0.04583333333333333
0 0.1375 0.428125 0.028125 0.035416666666666666
0 0.23593750000000002 0.25416666666666665 0.034375 0.0375
0 0.0890625 0.35 0.028125 0.03333333333333333
0 0.15234375 0.28125 0.026562500000000003 0.0375
0 0.10546875 0.234375 0.0234375 0.035416666666666666
0 0.084375 0.5583333333333333 0.025 0.041666666666666664
0 0.403125 0.128125 0.025 0.03125
0 0.421875 0.03854166666666667 0.025 0.04375
