0 0.6109375 0.7697916666666667 0.059375000000000004 0.07708333333333334
0 0.6890625 0.7916666666666666 0.059375000000000004 0.07916666666666666
0 0.7375 0.9406249999999999 0.05 0.06041666666666667
0 0.9304687500000001 0.7791666666666667 0.0703125 0.1125
0 0.6726562500000001 0.471875 0.051562500000000004 0.06875
0 0.853125 0.39375 0.06875 0.08333333333333333
0 0.93671875 0.4895833333333333 0.07968750000000001 0.0875
0 0.7984375 0.521875 0.065625 0.07291666666666667
0 0.58984375 0.48125 0.0671875 0.07916666666666666
0 0.43359375 0.6020833333333333 0.0390625 0.05
0 0.31171875000000004 0.6270833333333333 0.029687500000000002 0.04583333333333333
0 0.2984375 0.6770833333333334 0.03125 0.041666666666666664
0 0.060937500000000006 0.3 0.0625 0.075
0 0.045312500000000006 0.45729166666666665 0.037500000000000006 0.03958333333333333
0 0.0234375 0.53125 0.028125 0.041666666666666664
0 0.28984375 0.584375 0.035937500000000004 0.035416666666666666
0 0.73984375 0.7479166666666667 0.051562500000000004 0.058333333333333334
