0 0.12187500000000001 0.3625 0.065625 0.07916666666666666
0 0.27890625 0.3020833333333333 0.0390625 0.05
0 0.22968750000000002 0.459375 0.034375 0.04375
0 0.18671875000000002 0.4239583333333333 0.035937500000000004 0.04375
0 0.353125 0.753125 0.05 0.05625
0 0.6882812500000001 0.6895833333333333 0.0703125 0.08333333333333333
0 0.68359375 0.9666666666666667 0.060937500000000006 0.0625
0 0.453125 0.55 0.037500000000000006 0.05416666666666667
0 0.49062500000000003 0.7208333333333333 0.043750000000000004 0.058333333333333334
0 0.49921875000000004 0.7833333333333333 0.0421875 0.058333333333333334
0 0.884375 0.184375 0.06875 0.08958333333333333
0 0.5875 0.45729166666666665 0.037500000000000006 0.04791666666666666
0 0.36953125000000003 0.48020833333333335 0.0328125 0.03958333333333333
0 0.37343750000000003 0.8427083333333333 0.043750000000000004 0.052083333333333336
0 0.7351562500000001 0.984375 0.0484375 0.027083333333333334
0 0.8304687500000001 0.75625 0.0578125 0.075
0 0.453125 0.3208333333333333 0.03125 0.041666666666666664
