0 0.51953125 0.5208333333333334 0.0578125 0.08333333333333333
0 0.9187500000000001 0.8197916666666667 0.05 0.06875
0 0.41875 0.8312499999999999 0.065625 0.0875
0 0.46406250000000004 0.8802083333333334 0.046875 0.052083333333333336
0 0.33828125000000003 0.240625 0.06406250000000001 0.07708333333333334
0 0.43125 0.11770833333333333 0.0625 0.09375
0 0.55390625 0.17395833333333333 0.0671875 0.08958333333333333
0 0.171875 0.30104166666666665 0.07500000000000001 0.09791666666666667
0 0.05859375 0.12291666666666666 0.060937500000000006 0.07916666666666666
0 0.24921875000000002 0.020833333333333332 0.06406250000000001 0.041666666666666664
0 0.6046875 0.47604166666666664 0.059375000000000004 0.07291666666666667
0 0.9085937500000001 0.5333333333333333 0.0421875 0.05416666666666667
0 0.8140625 0.4479166666666667 0.05 0.058333333333333334
