0 0.3671875 0.5979166666666667 0.05 0.058333333333333334
0 0.690625 0.571875 0.05625 0.07291666666666667
0 0.75703125 0.5791666666666666 0.060937500000000006 0.07083333333333333
0 0.7421875 0.68125 0.043750000000000004 0.058333333333333334
0 0.79296875 0.7479166666666667 0.0484375 0.05
0 0.4234375 0.66875 0.037500000000000006 0.04583333333333333
0 0.4890625 0.48854166666666665 0.046875 0.05625
0 0.52734375 0.5510416666666667 0.0421875 0.04791666666666666
0 0.140625 0.37604166666666666 0.043750000000000004 0.04791666666666666
0 0.1921875 0.39791666666666664 0.037500000000000006 0.041666666666666664
0 0.18125000000000002 0.20833333333333334 0.034375 0.04583333333333333
0 0.33359375 0.35833333333333334 0.0328125 0.041666666666666664
0 0.309375 0.3052083333333333 0.034375 0.052083333333333336
0 0.61640625 0.28854166666666664 0.06406250000000001 0.08125
0 0.6578125 0.3072916666666667 0.059375000000000004 0.06875
0 0.603125 0.34479166666666666 0.034375 0.04791666666666666
0 0.796875 0.2989583333333333 0.05 0.08125
0 0.86640625 0.12083333333333333 0.0546875 0.07083333333333333
0 0.045312500000000006 0.021875 0.021875000000000002 0.035416666666666666
0 0.24609375 0.059375 0.029687500000000002 0.03958333333333333
0 0.17343750000000002 0.78125 0.034375 0.041666666666666664
0 0.18125000000000002 0.7166666666666667 0.040625 0.04583333333333333
0 0.153125 0.671875 0.028125 0.035416666666666666
