0 0.06328125 0.4822916666666667 0.045312500000000006 0.05625
0 0.384375 0.25 0.046875 0.05416666666666667
0 0.48203125 0.18333333333333332 0.0390625 0.058333333333333334
0 0.8328125000000001 0.31145833333333334 0.043750000000000004 0.05625
0 0.57734375 0.6416666666666666 0.0390625 0.058333333333333334
0 0.35546875 0.759375 0.060937500000000006 0.06875
0 0.3984375 0.8177083333333334 0.0625 0.07708333333333334
0 0.45937500000000003 0.7989583333333333 0.037500000000000006 0.06458333333333333
0 0.50234375 0.790625 0.0578125 0.07708333333333334
0 0.2109375 0.88125 0.03125 0.04583333333333333
0 0.62890625 0.91875 0.060937500000000006 0.0875
0 0.69453125 0.9666666666666667 0.060937500000000006 0.0625
0 0.95703125 0.5375 0.029687500000000002 0.041666666666666664
0 0.984375 0.521875 0.028125 0.04375
0 0.9828125000000001 0.5572916666666666 0.03125 0.03958333333333333
0 0.9890625000000001 0.5989583333333334 0.018750000000000003 0.03958333333333333
0 0.95625 0.33541666666666664 0.037500000000000006 0.05
0 0.1421875 0.15104166666666666 0.028125 0.035416666666666666
0 0.17265625 0.084375 0.0234375 0.027083333333333334
0 0.10859375 0.06458333333333333 0.026562500000000003 0.0375
0 0.81640625 0.15833333333333333 0.0421875 0.05
0 0.95078125 0.09583333333333333 0.045312500000000006 0.05416666666666667
