0 0.83984375 0.8510416666666667 0.0734375 0.10208333333333333
0 0.8953125000000001 0.5010416666666666 0.065625 0.08958333333333333
0 0.7171875000000001 0.5770833333333333 0.046875 0.06666666666666667
0 0.54140625 0.30625 0.0734375 0.10416666666666667
0 0.6335937500000001 0.32395833333333335 0.08281250000000001 0.11458333333333333
0 0.6828125 0.196875 0.065625 0.09375
0 0.74609375 0.052083333333333336 0.0578125 0.09583333333333333
0 0.8375 0.09791666666666667 0.07187500000000001 0.09166666666666666
0 0.815625 0.2375 0.05 0.06666666666666667
0 0.5 0.029166666666666667 0.05625 0.058333333333333334
0 0.5640625 0.15833333333333333 0.05625 0.07083333333333333
0 0.28046875 0.209375 0.0703125 0.09791666666666667
0 0.89375 0.8937499999999999 0.06875 0.07916666666666666
