0 0.35234375 0.5635416666666666 0.09843750000000001 0.13958333333333334
0 0.9382812500000001 0.5041666666666667 0.1203125 0.14166666666666666
0 0.8304687500000001 0.5479166666666666 0.09843750000000001 0.10416666666666667
0 0.53828125 0.4145833333333333 0.0734375 0.09583333333333333
0 0.5437500000000001 0.240625 0.08125 0.12291666666666666
0 0.33828125000000003 0.81875 0.07968750000000001 0.10833333333333334
0 0.47187500000000004 0.7947916666666667 0.0625 0.07708333333333334
0 0.43046875 0.946875 0.0578125 0.06458333333333333
0 0.56953125 0.9354166666666667 0.0546875 0.075
0 0.8445312500000001 0.6864583333333333 0.08281250000000001 0.10208333333333333
