0 0.58125 0.3 0.09062500000000001 0.12916666666666665
0 0.7734375 0.209375 0.08125 0.09375
0 0.5796875 0.5947916666666666 0.07187500000000001 0.07291666666666667
0 0.59375 0.625 0.0625 0.06666666666666667
0 0.7195312500000001 0.6208333333333333 0.06406250000000001 0.07083333333333333
0 0.7585937500000001 0.821875 0.0578125 0.07291666666666667
0 0.8234375 0.7895833333333333 0.05 0.058333333333333334
0 0.6781250000000001 0.7770833333333333 0.05625 0.06666666666666667
0 0.6390625000000001 0.9041666666666667 0.05625 0.06666666666666667
0 0.584375 0.90625 0.046875 0.07083333333333333
