0 0.6804687500000001 0.678125 0.045312500000000006 0.05625
0 0.62421875 0.9520833333333333 0.0390625 0.041666666666666664
0 0.69296875 0.959375 0.0765625 0.07708333333333334
0 0.89765625 0.9583333333333334 0.0578125 0.07916666666666666
0 0.91171875 0.8208333333333333 0.0546875 0.075
0 0.8343750000000001 0.7197916666666666 0.05625 0.07708333333333334
0 0.728125 0.7020833333333333 0.043750000000000004 0.06666666666666667
0 0.734375 0.5739583333333333 0.046875 0.06458333333333333
0 0.8500000000000001 0.5614583333333333 0.05 0.07291666666666667
0 0.8562500000000001 0.6510416666666666 0.065625 0.08125
0 0.978125 0.6572916666666666 0.040625 0.06041666666666667
0 0.7250000000000001 0.3208333333333333 0.0625 0.075
0 0.7953125000000001 0.365625 0.05625 0.06875
0 0.8851562500000001 0.20416666666666666 0.06406250000000001 0.07916666666666666
0 0.6109375 0.19270833333333334 0.065625 0.08125
0 0.634375 0.11041666666666666 0.06875 0.07083333333333333
0 0.71015625 0.18020833333333333 0.06406250000000001 0.06458333333333333
0 0.7312500000000001 0.25 0.05625 0.07083333333333333
0 0.8812500000000001 0.7510416666666666 0.05 0.07291666666666667
0 0.93515625 0.9197916666666667 0.0484375 0.06458333333333333
