0 0.3359375 0.8322916666666667 0.078125 0.11458333333333333
0 0.7156250000000001 0.465625 0.043750000000000004 0.06041666666666667
0 0.6882812500000001 0.37916666666666665 0.0484375 0.058333333333333334
0 0.74375 0.55 0.046875 0.0625
0 0.7640625000000001 0.5802083333333333 0.043750000000000004 0.052083333333333336
0 0.7671875 0.6572916666666666 0.037500000000000006 0.052083333333333336
0 0.9546875 0.6697916666666667 0.040625 0.052083333333333336
0 0.9695312500000001 0.725 0.045312500000000006 0.05
0 0.98203125 0.5989583333333334 0.0328125 0.052083333333333336
0 0.8601562500000001 0.53125 0.035937500000000004 0.04583333333333333
0 0.38593750000000004 0.48125 0.046875 0.0625
0 0.039843750000000004 0.6135416666666667 0.0765625 0.10208333333333333
0 0.09140625000000001 0.5864583333333333 0.06406250000000001 0.08541666666666667
0 0.18906250000000002 0.37916666666666665 0.07187500000000001 0.0875
0 0.25859375 0.42083333333333334 0.051562500000000004 0.07916666666666666
0 0.29765625 0.3677083333333333 0.0546875 0.06875
0 0.33203125 0.328125 0.0484375 0.06041666666666667
0 0.12812500000000002 0.334375 0.05 0.06458333333333333
0 0.06171875 0.17708333333333334 0.08281250000000001 0.11666666666666667
0 0.1234375 0.13541666666666666 0.078125 0.1
0 0.153125 0.078125 0.07187500000000001 0.07291666666666667
0 0.32421875 0.05625 0.06406250000000001 0.0875
0 0.23984375000000002 0.24479166666666666 0.06406250000000001 0.07708333333333334
0 0.246875 0.3302083333333333 0.046875 0.07291666666666667
0 0.58359375 0.2375 0.0421875 0.0625
0 0.59609375 0.1625 0.0546875 0.06666666666666667
0 0.66171875 0.23229166666666667 0.051562500000000004 0.07291666666666667
0 0.8015625000000001 0.259375 0.05 0.07708333333333334
0 0.8406250000000001 0.321875 0.043750000000000004 0.06458333333333333
0 0.38984375000000004 0.9 0.035937500000000004 0.05416666666666667
0 0.4421875 0.928125 0.025 0.035416666666666666
0 0.46406250000000004 0.8989583333333333 0.021875000000000002 0.03125
0 0.35703125 0.25729166666666664 0.0484375 0.06041666666666667
0 0.8304687500000001 0.109375 0.051562500000000004 0.06458333333333333
