0 0.7921875 0.4302083333333333 0.109375 0.12291666666666666
0 0.8914062500000001 0.32708333333333334 0.06406250000000001 0.07083333333333333
0 0.9750000000000001 0.5645833333333333 0.046875 0.07083333333333333
0 0.72578125 0.784375 0.060937500000000006 0.11041666666666666
0 0.859375 0.8895833333333333 0.0625 0.075
0 0.9164062500000001 0.8364583333333333 0.0671875 0.08541666666666667
0 0.9375 0.953125 0.06875 0.08541666666666667
0 0.91171875 0.7604166666666666 0.051562500000000004 0.0625
0 0.85078125 0.040625 0.0765625 0.08125
0 0.18281250000000002 0.24479166666666666 0.034375 0.04791666666666666
0 0.34687500000000004 0.703125 0.037500000000000006 0.03958333333333333
