0 0.8109375000000001 0.7104166666666667 0.06875 0.08333333333333333
0 0.8515625 0.7552083333333334 0.046875 0.06875
0 0.8812500000000001 0.7708333333333334 0.040625 0.0625
0 0.9515625000000001 0.5729166666666666 0.059375000000000004 0.075
0 0.7445312500000001 0.47812499999999997 0.0421875 0.06458333333333333
0 0.7984375 0.46458333333333335 0.05 0.0625
0 0.8484375000000001 0.4479166666666667 0.05625 0.07083333333333333
0 0.7875000000000001 0.11458333333333333 0.053125000000000006 0.07083333333333333
0 0.8210937500000001 0.15833333333333333 0.0546875 0.07083333333333333
0 0.8859375 0.959375 0.05 0.07708333333333334
0 0.45156250000000003 0.7 0.040625 0.05416666666666667
0 0.45937500000000003 0.7791666666666667 0.037500000000000006 0.05416666666666667
0 0.5710937500000001 0.7770833333333333 0.0421875 0.058333333333333334
0 0.40468750000000003 0.8312499999999999 0.028125 0.041666666666666664
0 0.390625 0.7760416666666666 0.021875000000000002 0.03125
0 0.34375 0.8010416666666667 0.025 0.04375
0 0.73203125 0.646875 0.0390625 0.052083333333333336
0 0.31484375000000003 0.8166666666666667 0.0234375 0.0375
0 0.08359375000000001 0.5770833333333333 0.0328125 0.041666666666666664
0 0.6421875 0.4 0.046875 0.058333333333333334
