0 0.71484375 0.7708333333333334 0.051562500000000004 0.0625
0 0.6078125000000001 0.7177083333333333 0.053125000000000006 0.06875
0 0.28671875 0.6364583333333333 0.0421875 0.052083333333333336
0 0.29609375 0.7 0.0390625 0.05416666666666667
0 0.534375 0.5552083333333333 0.03125 0.04791666666666666
0 0.5945312500000001 0.6520833333333333 0.051562500000000004 0.06666666666666667
0 0.2109375 0.4354166666666667 0.034375 0.041666666666666664
0 0.29609375 0.47604166666666664 0.026562500000000003 0.03958333333333333
0 0.32734375000000004 0.5885416666666666 0.029687500000000002 0.04791666666666666
0 0.23203125000000002 0.5489583333333333 0.026562500000000003 0.035416666666666666
0 0.26484375 0.5645833333333333 0.026562500000000003 0.03333333333333333
0 0.3375 0.1125 0.040625 0.0625
0 0.465625 0.625 0.028125 0.041666666666666664
0 0.49921875000000004 0.6145833333333334 0.029687500000000002 0.041666666666666664
0 0.50234375 0.6666666666666666 0.0234375 0.03333333333333333
0 0.53828125 0.7010416666666667 0.035937500000000004 0.05625
0 0.47734375 0.7729166666666667 0.029687500000000002 0.041666666666666664
0 0.51875 0.7802083333333333 0.037500000000000006 0.052083333333333336
0 0.5796875 0.8145833333333333 0.043750000000000004 0.0625
0 0.4140625 0.8416666666666667 0.040625 0.058333333333333334
0 0.96015625 0.4322916666666667 0.0390625 0.052083333333333336
0 0.74609375 0.61875 0.0328125 0.04583333333333333
0 0.703125 0.5864583333333333 0.034375 0.052083333333333336
0 0.8875000000000001 0.709375 0.028125 0.03958333333333333
0 0.7078125000000001 0.128125 0.037500000000000006 0.05625
0 0.9703125 0.16041666666666665 0.040625 0.05416666666666667
