0 0.73828125 0.8677083333333333 0.060937500000000006 0.07291666666666667
0 0.77109375 0.7697916666666667 0.0546875 0.06875
0 0.7296875 0.7 0.053125000000000006 0.06666666666666667
0 0.9484375 0.8312499999999999 0.078125 0.09583333333333333
0 0.8125 0.7489583333333333 0.043750000000000004 0.06041666666666667
0 0.47968750000000004 0.4083333333333333 0.043750000000000004 0.06666666666666667
0 0.6765625000000001 0.40208333333333335 0.05 0.06666666666666667
0 0.4421875 0.5166666666666666 0.043750000000000004 0.0625
0 0.46875 0.5572916666666666 0.046875 0.05625
0 0.29453125 0.7614583333333333 0.045312500000000006 0.06041666666666667
0 0.703125 0.5604166666666667 0.043750000000000004 0.058333333333333334
0 0.909375 0.4666666666666667 0.05 0.07083333333333333
0 0.7125 0.38125 0.05 0.06666666666666667
0 0.7367187500000001 0.42604166666666665 0.0484375 0.06458333333333333
0 0.7156250000000001 0.48020833333333335 0.05 0.05625
0 0.42500000000000004 0.8239583333333333 0.046875 0.06041666666666667
0 0.40078125000000003 0.8541666666666666 0.051562500000000004 0.0625
0 0.57578125 0.9635416666666666 0.0546875 0.06041666666666667
0 0.6109375 0.7458333333333333 0.043750000000000004 0.058333333333333334
0 0.515625 0.7145833333333333 0.037500000000000006 0.05
0 0.51484375 0.6510416666666666 0.035937500000000004 0.04791666666666666
0 0.5867187500000001 0.6072916666666667 0.0421875 0.05625
0 0.7375 0.5989583333333334 0.043750000000000004 0.06458333333333333
0 0.515625 0.346875 0.040625 0.052083333333333336
0 0.578125 0.2989583333333333 0.043750000000000004 0.06041666666666667
0 0.696875 0.2739583333333333 0.05 0.06041666666666667
0 0.6234375000000001 0.634375 0.040625 0.04791666666666666
