0 0.86328125 0.734375 0.06406250000000001 0.07291666666666667
0 0.8703125 0.7833333333333333 0.053125000000000006 0.04583333333333333
0 0.86875 0.9562499999999999 0.05 0.06666666666666667
0 0.8296875 0.45729166666666665 0.059375000000000004 0.07708333333333334
0 0.6742187500000001 0.384375 0.0484375 0.06041666666666667
0 0.8523437500000001 0.11458333333333333 0.051562500000000004 0.06666666666666667
0 0.8796875000000001 0.159375 0.05625 0.06458333333333333
0 0.43515625 0.6708333333333333 0.045312500000000006 0.058333333333333334
0 0.44062500000000004 0.7447916666666666 0.034375 0.04791666666666666
0 0.53046875 0.7666666666666666 0.0484375 0.058333333333333334
0 0.5578125 0.75 0.040625 0.058333333333333334
0 0.5320312500000001 0.8697916666666666 0.0484375 0.05625
0 0.1546875 0.7645833333333333 0.025 0.0375
0 0.23359375000000002 0.7479166666666667 0.029687500000000002 0.0375
0 0.21171875 0.66875 0.026562500000000003 0.0375
0 0.22812500000000002 0.7010416666666667 0.028125 0.035416666666666666
0 0.2609375 0.7291666666666666 0.028125 0.0375
0 0.40468750000000003 0.5458333333333333 0.028125 0.041666666666666664
0 0.34609375000000003 0.44166666666666665 0.0328125 0.041666666666666664
0 0.31796875 0.4614583333333333 0.0328125 0.03958333333333333
0 0.32421875 0.759375 0.026562500000000003 0.03125
0 0.18984375 0.690625 0.0203125 0.03958333333333333
0 0.7859375000000001 0.484375 0.05 0.06458333333333333
0 0.9070312500000001 0.2916666666666667 0.0421875 0.058333333333333334
0 0.71796875 0.375 0.0421875 0.06666666666666667
