0 0.53671875 0.40729166666666666 0.0671875 0.08541666666666667
0 0.9148437500000001 0.70625 0.0734375 0.09166666666666666
0 0.96015625 0.7385416666666667 0.060937500000000006 0.08541666666666667
0 0.6570312500000001 0.73125 0.0390625 0.058333333333333334
0 0.64453125 0.6635416666666667 0.0484375 0.06041666666666667
0 0.59296875 0.46249999999999997 0.0484375 0.06666666666666667
0 0.6195312500000001 0.4770833333333333 0.0421875 0.0625
0 0.77109375 0.375 0.045312500000000006 0.058333333333333334
0 0.67578125 0.25729166666666664 0.060937500000000006 0.09375
0 0.8601562500000001 0.040625 0.07968750000000001 0.08125
0 0.30781250000000004 0.6802083333333333 0.05 0.06041666666666667
0 0.28046875 0.56875 0.045312500000000006 0.058333333333333334
0 0.3015625 0.6072916666666667 0.040625 0.052083333333333336
0 0.32343750000000004 0.5552083333333333 0.05 0.05625
0 0.38046875 0.6010416666666667 0.045312500000000006 0.06458333333333333
0 0.19609375 0.5770833333333333 0.035937500000000004 0.05416666666666667
0 0.17109375000000002 0.5 0.0421875 0.0625
0 0.77265625 0.5645833333333333 0.0578125 0.075
