0 0.9 0.78125 0.05625 0.075
0 0.89453125 0.6739583333333333 0.0671875 0.08541666666666667
0 0.665625 0.7072916666666667 0.028125 0.04375
0 0.33515625000000004 0.4822916666666667 0.035937500000000004 0.04375
0 0.30625 0.5166666666666666 0.034375 0.04583333333333333
0 0.43359375 0.3875 0.0328125 0.041666666666666664
0 0.79609375 0.36666666666666664 0.0484375 0.06666666666666667
0 0.75390625 0.3885416666666667 0.035937500000000004 0.04375
0 0.8835937500000001 0.4947916666666667 0.0421875 0.04791666666666666
0 0.61875 0.5916666666666667 0.03125 0.04583333333333333
0 0.93125 0.13125 0.040625 0.05
0 0.484375 0.765625 0.03125 0.04375
0 0.58828125 0.70625 0.0328125 0.04583333333333333
0 0.6609375000000001 0.6625 0.034375 0.0375
0 0.7765625 0.74375 0.028125 0.04583333333333333
0 0.75546875 0.5270833333333333 0.0390625 0.05416666666666667
0 0.6257812500000001 0.6364583333333333 0.035937500000000004 0.05625
0 0.5789062500000001 0.6479166666666667 0.0390625 0.041666666666666664
0 0.690625 0.303125 0.037500000000000006 0.03958333333333333
