0 0.52265625 0.4427083333333333 0.0671875 0.07291666666666667
0 0.49765625 0.31875 0.0921875 0.11666666666666667
0 0.8953125000000001 0.515625 0.034375 0.04375
0 0.8296875 0.6583333333333333 0.03125 0.04583333333333333
0 0.846875 0.6885416666666666 0.034375 0.04375
0 0.8703125 0.7208333333333333 0.034375 0.041666666666666664
0 0.8562500000000001 0.84375 0.034375 0.03333333333333333
0 0.8695312500000001 0.8989583333333333 0.0421875 0.05625
0 0.8921875 0.9541666666666666 0.03125 0.04583333333333333
0 0.93515625 0.9739583333333334 0.035937500000000004 0.04791666666666666
