0 0.6359375 0.45729166666666665 0.07187500000000001 0.09791666666666667
0 0.79296875 0.39166666666666666 0.0390625 0.05
0 0.34218750000000003 0.396875 0.03125 0.03958333333333333
0 0.46406250000000004 0.7916666666666666 0.028125 0.04583333333333333
0 0.42812500000000003 0.7833333333333333 0.03125 0.05
0 0.340625 0.8802083333333334 0.028125 0.04791666666666666
0 0.3328125 0.9354166666666667 0.025 0.0375
0 0.39453125 0.584375 0.026562500000000003 0.035416666666666666
0 0.4296875 0.6270833333333333 0.028125 0.0375
0 0.28125 0.5072916666666667 0.021875000000000002 0.03125
0 0.36562500000000003 0.5572916666666666 0.028125 0.03958333333333333
0 0.32734375000000004 0.515625 0.0234375 0.035416666666666666
0 0.30703125000000003 0.5010416666666666 0.0234375 0.03125
0 0.309375 0.46249999999999997 0.028125 0.0375
