0 0.94921875 0.73125 0.0703125 0.09166666666666666
0 0.9500000000000001 0.6541666666666667 0.065625 0.07083333333333333
0 0.846875 0.6104166666666666 0.053125000000000006 0.06666666666666667
0 0.76328125 0.575 0.06406250000000001 0.07916666666666666
0 0.7445312500000001 0.696875 0.0578125 0.07291666666666667
0 0.446875 0.25 0.05625 0.07916666666666666
0 0.43125 0.071875 0.05 0.06875
0 0.38359375 0.61875 0.035937500000000004 0.04583333333333333
0 0.421875 0.6427083333333333 0.037500000000000006 0.04375
0 0.47734375 0.6916666666666667 0.0328125 0.041666666666666664
0 0.4890625 0.7895833333333333 0.03125 0.04583333333333333
0 0.92890625 0.13020833333333334 0.0546875 0.06458333333333333
0 0.8890625000000001 0.21145833333333333 0.043750000000000004 0.06041666666666667
0 0.8226562500000001 0.057291666666666664 0.0484375 0.06458333333333333
0 0.8617187500000001 0.09479166666666666 0.0578125 0.06875
0 0.671875 0.121875 0.043750000000000004 0.052083333333333336
0 0.6781250000000001 0.04895833333333333 0.046875 0.04791666666666666
