0 0.57578125 0.21354166666666666 0.051562500000000004 0.05625
0 0.42109375000000004 0.5541666666666667 0.045312500000000006 0.0625
0 0.7718750000000001 0.48125 0.028125 0.041666666666666664
0 0.3828125 0.66875 0.034375 0.04583333333333333
0 0.6765625000000001 0.8572916666666667 0.034375 0.04375
0 0.3171875 0.32395833333333335 0.037500000000000006 0.04791666666666666
0 0.2984375 0.3697916666666667 0.037500000000000006 0.04791666666666666
0 0.24765625000000002 0.22395833333333334 0.0328125 0.04375
0 0.7359375 0.5572916666666666 0.03125 0.04375
0 0.8953125000000001 0.7458333333333333 0.03125 0.0375
0 0.52578125 0.403125 0.0390625 0.05625
0 0.36250000000000004 0.09791666666666667 0.03125 0.041666666666666664
