0 0.5867187500000001 0.5708333333333333 0.0484375 0.0625
0 0.58203125 0.7427083333333333 0.0578125 0.06875
0 0.8140625 0.5947916666666666 0.05 0.06458333333333333
0 0.9734375000000001 0.5604166666666667 0.05 0.075
0 0.828125 0.5302083333333333 0.053125000000000006 0.052083333333333336
0 0.85859375 0.3854166666666667 0.0421875 0.05
0 0.9296875 0.40520833333333334 0.046875 0.052083333333333336
0 0.37812500000000004 0.9385416666666666 0.040625 0.052083333333333336
0 0.45078125 0.959375 0.0390625 0.052083333333333336
0 0.43203125000000003 0.915625 0.026562500000000003 0.035416666666666666
0 0.38984375000000004 0.8875 0.026562500000000003 0.03333333333333333
0 0.50234375 0.3677083333333333 0.035937500000000004 0.04791666666666666
0 0.703125 0.325 0.037500000000000006 0.05
0 0.7601562500000001 0.34270833333333334 0.0390625 0.04791666666666666
0 0.65625 0.4322916666666667 0.034375 0.04791666666666666
0 0.57734375 0.4197916666666667 0.029687500000000002 0.03958333333333333
0 0.43125 0.5916666666666667 0.021875000000000002 0.029166666666666667
0 0.47890625000000003 0.978125 0.029687500000000002 0.03958333333333333
