0 0.6726562500000001 0.5291666666666667 0.0421875 0.0625
0 0.7000000000000001 0.5760416666666667 0.046875 0.06458333333333333
0 0.7703125000000001 0.621875 0.046875 0.06458333333333333
0 0.9703125 0.6510416666666666 0.05625 0.08541666666666667
0 0.8992187500000001 0.5697916666666667 0.0578125 0.07708333333333334
0 0.7890625 0.41562499999999997 0.05 0.06458333333333333
0 0.7156250000000001 0.365625 0.043750000000000004 0.06041666666666667
0 0.796875 0.31145833333333334 0.040625 0.05625
0 0.59765625 0.3416666666666667 0.0390625 0.041666666666666664
0 0.51171875 0.5802083333333333 0.0484375 0.06458333333333333
0 0.52265625 0.5114583333333333 0.045312500000000006 0.052083333333333336
0 0.52890625 0.6760416666666667 0.0484375 0.05625
0 0.6125 0.8 0.043750000000000004 0.058333333333333334
0 0.71875 0.9645833333333333 0.040625 0.0625
0 0.20859375000000002 0.7854166666666667 0.0546875 0.075
0 0.21953125 0.6020833333333333 0.051562500000000004 0.075
0 0.2390625 0.3458333333333333 0.037500000000000006 0.058333333333333334
0 0.31640625 0.3927083333333333 0.035937500000000004 0.04791666666666666
0 0.44375000000000003 0.2895833333333333 0.034375 0.05
0 0.49843750000000003 0.30625 0.037500000000000006 0.05
0 0.8500000000000001 0.31666666666666665 0.05 0.05416666666666667
0 0.48203125 0.7020833333333333 0.045312500000000006 0.058333333333333334
0 0.203125 0.9635416666666666 0.040625 0.05625
0 0.1421875 0.9041666666666667 0.040625 0.05416666666666667
0 0.17421875 0.8333333333333334 0.0390625 0.06666666666666667
