0 0.7250000000000001 0.7583333333333333 0.053125000000000006 0.07916666666666666
0 0.8812500000000001 0.634375 0.046875 0.06875
0 0.96640625 0.5395833333333333 0.051562500000000004 0.05416666666666667
0 0.91015625 0.5239583333333333 0.051562500000000004 0.05625
0 0.80078125 0.5614583333333333 0.0546875 0.06875
0 0.5078125 0.39166666666666666 0.037500000000000006 0.058333333333333334
0 0.56640625 0.42083333333333334 0.0390625 0.0625
0 0.6265625 0.5385416666666667 0.034375 0.04791666666666666
0 0.671875 0.528125 0.040625 0.04791666666666666
0 0.81640625 0.9104166666666667 0.0546875 0.07083333333333333
0 0.53515625 0.78125 0.0484375 0.058333333333333334
0 0.54296875 0.875 0.051562500000000004 0.058333333333333334
0 0.48750000000000004 0.8885416666666667 0.046875 0.05625
0 0.35000000000000003 0.8270833333333333 0.040625 0.04583333333333333
0 0.4296875 0.6666666666666666 0.046875 0.058333333333333334
0 0.284375 0.4010416666666667 0.040625 0.05625
0 0.359375 0.4791666666666667 0.037500000000000006 0.05416666666666667
0 0.3875 0.5552083333333333 0.037500000000000006 0.04791666666666666
0 0.178125 0.8177083333333334 0.046875 0.05625
0 0.7289062500000001 0.39166666666666666 0.0421875 0.05416666666666667
0 0.74765625 0.8229166666666666 0.051562500000000004 0.06666666666666667
0 0.7046875 0.821875 0.046875 0.07291666666666667
0 0.4765625 0.3177083333333333 0.028125 0.03958333333333333
0 0.33515625000000004 0.321875 0.0234375 0.03125
0 0.84140625 0.16770833333333332 0.0328125 0.03958333333333333
0 0.20468750000000002 0.278125 0.021875000000000002 0.03125
0 0.22109375 0.2864583333333333 0.0203125 0.022916666666666665
0 0.23984375000000002 0.2989583333333333 0.0203125 0.027083333333333334
0 0.07734375 0.3572916666666667 0.0203125 0.027083333333333334
0 0.1015625 0.37083333333333335 0.021875000000000002 0.025
0 0.08984375 0.39479166666666665 0.0203125 0.027083333333333334
0 0.06640625 0.309375 0.0234375 0.035416666666666666
0 0.184375 0.37395833333333334 0.021875000000000002 0.027083333333333334
0 0.12265625000000001 0.40208333333333335 0.0171875 0.020833333333333332
0 0.13515625 0.43124999999999997 0.0203125 0.025
0 0.34453125 0.19270833333333334 0.026562500000000003 0.035416666666666666
0 0.29453125 0.22604166666666667 0.029687500000000002 0.035416666666666666
0 0.27109375 0.259375 0.0203125 0.027083333333333334
0 0.40937500000000004 0.21145833333333333 0.018750000000000003 0.027083333333333334
0 0.43515625 0.22916666666666666 0.0234375 0.029166666666666667
0 0.44453125000000004 0.25625 0.0203125 0.025
0 0.7390625000000001 0.04791666666666666 0.025 0.029166666666666667
0 0.7406250000000001 0.084375 0.021875000000000002 0.03125
0 0.7671875 0.08958333333333333 0.025 0.029166666666666667
0 0.76328125 0.042708333333333334 0.0234375 0.035416666666666666
0 0.77890625 0.13854166666666667 0.0234375 0.03125
