0 0.58046875 0.759375 0.0390625 0.04791666666666666
0 0.79296875 0.6635416666666667 0.051562500000000004 0.07708333333333334
0 0.69921875 0.796875 0.0390625 0.04791666666666666
0 0.7296875 0.840625 0.037500000000000006 0.04791666666666666
0 0.7546875000000001 0.8875 0.034375 0.04583333333333333
0 0.69921875 0.753125 0.0328125 0.035416666666666666
0 0.88203125 0.196875 0.0484375 0.06041666666666667
0 0.9656250000000001 0.275 0.046875 0.058333333333333334
0 0.84375 0.4822916666666667 0.053125000000000006 0.06875
0 0.7406250000000001 0.9447916666666667 0.065625 0.06875
