0 0.921875 0.45416666666666666 0.040625 0.05416666666666667
0 0.9398437500000001 0.34270833333333334 0.0484375 0.06458333333333333
0 0.91015625 0.5208333333333334 0.035937500000000004 0.05
0 0.9632812500000001 0.5947916666666666 0.035937500000000004 0.04375
0 0.98359375 0.1875 0.029687500000000002 0.05
0 0.026562500000000003 0.3385416666666667 0.028125 0.035416666666666666
0 0.096875 0.36875 0.025 0.041666666666666664
0 0.059375000000000004 0.3697916666666667 0.028125 0.035416666666666666
0 0.029687500000000002 0.4114583333333333 0.03125 0.03958333333333333
0 0.05234375 0.4739583333333333 0.026562500000000003 0.035416666666666666
0 0.01171875 0.2989583333333333 0.0234375 0.03958333333333333
0 0.034375 0.3145833333333333 0.025 0.03333333333333333
0 0.00859375 0.184375 0.0171875 0.035416666666666666
0 0.08984375 0.503125 0.0234375 0.027083333333333334
0 0.0671875 0.4822916666666667 0.015625 0.03125
0 0.08359375000000001 0.4739583333333333 0.0203125 0.022916666666666665
0 0.765625 0.22395833333333334 0.018750000000000003 0.027083333333333334
0 0.8078125 0.23958333333333334 0.018750000000000003 0.025
0 0.59296875 0.38645833333333335 0.0171875 0.027083333333333334
0 0.6179687500000001 0.19166666666666665 0.0203125 0.025
0 0.60859375 0.22708333333333333 0.0234375 0.029166666666666667
0 0.5398437500000001 0.07604166666666666 0.0203125 0.03125
