0 0.340625 0.29270833333333335 0.021875000000000002 0.027083333333333334
0 0.35859375000000004 0.3260416666666667 0.026562500000000003 0.03958333333333333
0 0.38593750000000004 0.3364583333333333 0.025 0.03125
0 0.34218750000000003 0.4125 0.021875000000000002 0.029166666666666667
0 0.16953125000000002 0.8666666666666667 0.0234375 0.0375
0 0.2 0.8666666666666667 0.021875000000000002 0.029166666666666667
0 0.1421875 0.49166666666666664 0.028125 0.029166666666666667
0 0.1171875 0.4635416666666667 0.034375 0.035416666666666666
0 0.10390625 0.41770833333333335 0.0171875 0.022916666666666665
0 0.240625 0.31875 0.025 0.029166666666666667
0 0.26796875000000003 0.334375 0.029687500000000002 0.03125
0 0.2609375 0.36354166666666665 0.025 0.03125
0 0.33671875 0.159375 0.029687500000000002 0.035416666666666666
0 0.353125 0.075 0.028125 0.03333333333333333
0 0.284375 0.11770833333333333 0.025 0.027083333333333334
0 0.28515625 0.16458333333333333 0.026562500000000003 0.03333333333333333
0 0.30781250000000004 0.15 0.025 0.029166666666666667
0 0.29921875000000003 0.18958333333333333 0.0234375 0.029166666666666667
0 0.26484375 0.19479166666666667 0.0234375 0.03125
0 0.33046875000000003 0.2552083333333333 0.0234375 0.022916666666666665
0 0.23203125000000002 0.2791666666666667 0.029687500000000002 0.0375
