0 0.56953125 0.5104166666666666 0.035937500000000004 0.04583333333333333
0 0.7250000000000001 0.665625 0.043750000000000004 0.04791666666666666
0 0.6890625 0.7666666666666666 0.03125 0.03333333333333333
0 0.76171875 0.23854166666666665 0.060937500000000006 0.08125
0 0.8734375000000001 0.26979166666666665 0.084375 0.10625
0 0.85859375 0.3572916666666667 0.0484375 0.06458333333333333
0 0.9203125000000001 0.36354166666666665 0.05625 0.07708333333333334
0 0.40703125 0.4041666666666667 0.026562500000000003 0.0375
0 0.46796875000000004 0.41770833333333335 0.026562500000000003 0.03125
0 0.42109375000000004 0.278125 0.0171875 0.022916666666666665
0 0.37421875000000004 0.334375 0.0203125 0.027083333333333334
0 0.36796875 0.296875 0.0171875 0.027083333333333334
0 0.38671875 0.25104166666666666 0.0171875 0.022916666666666665
0 0.6585937500000001 0.2875 0.0390625 0.0625
