0 0.5203125000000001 0.8104166666666667 0.043750000000000004 0.05416666666666667
0 0.58359375 0.8520833333333333 0.045312500000000006 0.05416666666666667
0 0.31640625 0.6614583333333334 0.0703125 0.08125
0 0.2546875 0.74375 0.053125000000000006 0.06666666666666667
0 0.44296875 0.7458333333333333 0.0484375 0.06666666666666667
0 0.43828125 0.6520833333333333 0.051562500000000004 0.06666666666666667
0 0.359375 0.21145833333333333 0.028125 0.035416666666666666
0 0.39296875000000003 0.221875 0.029687500000000002 0.03958333333333333
0 0.4625 0.24583333333333332 0.034375 0.041666666666666664
0 0.384375 0.3104166666666667 0.028125 0.0375
0 0.515625 0.14479166666666665 0.040625 0.05625
