0 0.14375000000000002 0.34375 0.096875 0.125
0 0.44296875 0.428125 0.060937500000000006 0.06875
0 0.5671875000000001 0.47604166666666664 0.05625 0.07708333333333334
0 0.41718750000000004 0.8052083333333333 0.043750000000000004 0.07291666666666667
0 0.13359375 0.08333333333333333 0.0421875 0.05
0 0.38593750000000004 0.78125 0.043750000000000004 0.058333333333333334
0 0.74375 0.4395833333333333 0.037500000000000006 0.04583333333333333
0 0.7359375 0.3989583333333333 0.03125 0.035416666666666666
0 0.49921875000000004 0.38125 0.0484375 0.06666666666666667
0 0.49531250000000004 0.32708333333333334 0.040625 0.041666666666666664
0 0.38828125 0.3614583333333333 0.0421875 0.05625
0 0.38593750000000004 0.46875 0.040625 0.05
0 0.25546875 0.421875 0.045312500000000006 0.06041666666666667
0 0.8757812500000001 0.6614583333333334 0.026562500000000003 0.03958333333333333
0 0.75390625 0.5739583333333333 0.0390625 0.052083333333333336
0 0.41875 0.5885416666666666 0.040625 0.052083333333333336
