0 0.8078125 0.5333333333333333 0.07187500000000001 0.09166666666666666
0 0.7664062500000001 0.6239583333333333 0.0484375 0.05625
0 0.625 0.6729166666666666 0.05625 0.07916666666666666
0 0.5796875 0.621875 0.05625 0.07708333333333334
0 0.44765625000000003 0.6114583333333333 0.06406250000000001 0.07708333333333334
0 0.4265625 0.08125 0.037500000000000006 0.05416666666666667
0 0.54609375 0.17708333333333334 0.0390625 0.04583333333333333
0 0.71015625 0.121875 0.0390625 0.04791666666666666
0 0.45078125 0.059375 0.0328125 0.04375
0 0.55078125 0.051041666666666666 0.0390625 0.04791666666666666
0 0.5375 0.5760416666666667 0.05625 0.06875
