0 0.31796875 0.6760416666666667 0.0578125 0.08958333333333333
0 0.36875 0.2677083333333333 0.034375 0.04791666666666666
0 0.53125 0.25729166666666664 0.037500000000000006 0.04791666666666666
0 0.38671875 0.15729166666666666 0.035937500000000004 0.04791666666666666
0 0.4140625 0.15833333333333333 0.028125 0.041666666666666664
0 0.496875 0.10625 0.037500000000000006 0.058333333333333334
0 0.3921875 0.10104166666666667 0.034375 0.04791666666666666
0 0.34921875 0.059375 0.0421875 0.052083333333333336
0 0.2625 0.14479166666666665 0.040625 0.06041666666666667
0 0.1859375 0.80625 0.028125 0.041666666666666664
0 0.23671875 0.9239583333333333 0.0484375 0.06875
0 0.134375 0.9760416666666667 0.040625 0.04375
0 0.025 0.9541666666666666 0.05 0.06666666666666667
0 0.46328125000000003 0.60625 0.0484375 0.05
0 0.42890625000000004 0.6791666666666667 0.051562500000000004 0.06666666666666667
