0 0.77734375 0.321875 0.0765625 0.10208333333333333
0 0.7671875 0.24375 0.07187500000000001 0.08333333333333333
0 0.40156250000000004 0.7302083333333333 0.040625 0.06041666666666667
0 0.34218750000000003 0.5447916666666667 0.037500000000000006 0.05625
0 0.53125 0.31875 0.05 0.0625
0 0.5515625000000001 0.5614583333333333 0.053125000000000006 0.06875
0 0.3796875 0.7041666666666666 0.037500000000000006 0.041666666666666664
0 0.037500000000000006 0.35833333333333334 0.037500000000000006 0.04583333333333333
0 0.06484375 0.3885416666666667 0.0328125 0.035416666666666666
0 0.8875000000000001 0.4552083333333333 0.05625 0.06875
