0 0.6820312500000001 0.8645833333333334 0.0484375 0.058333333333333334
0 0.91015625 0.8875 0.0546875 0.06666666666666667
0 0.7453125 0.7302083333333333 0.037500000000000006 0.06041666666666667
0 0.85546875 0.628125 0.045312500000000006 0.06041666666666667
0 0.80390625 0.7854166666666667 0.0484375 0.05
0 0.39375000000000004 0.7104166666666667 0.028125 0.0375
0 0.41640625000000003 0.7375 0.026562500000000003 0.03333333333333333
0 0.41953125 0.25625 0.0421875 0.05416666666666667
0 0.50703125 0.121875 0.0421875 0.05625
0 0.4 0.11875 0.043750000000000004 0.05
0 0.39765625000000004 0.18020833333333333 0.045312500000000006 0.06041666666666667
0 0.57265625 0.21145833333333333 0.045312500000000006 0.06458333333333333
0 0.93671875 0.103125 0.0390625 0.04791666666666666
0 0.91015625 0.11562499999999999 0.026562500000000003 0.04791666666666666
0 0.32109375 0.7354166666666666 0.026562500000000003 0.0375
0 0.29921875000000003 0.7270833333333333 0.0171875 0.029166666666666667
0 0.290625 0.6947916666666667 0.021875000000000002 0.03125
0 0.28203125 0.5791666666666666 0.0203125 0.025
0 0.8453125 0.571875 0.053125000000000006 0.04791666666666666
