0 0.82734375 0.434375 0.035937500000000004 0.035416666666666666
0 0.8640625000000001 0.43854166666666666 0.03125 0.04375
0 0.971875 0.465625 0.043750000000000004 0.04791666666666666
0 0.9265625000000001 0.5010416666666666 0.03125 0.03958333333333333
0 0.87890625 0.553125 0.0390625 0.03958333333333333
0 0.96640625 0.8770833333333333 0.035937500000000004 0.05
0 0.40468750000000003 0.7708333333333334 0.043750000000000004 0.058333333333333334
0 0.38125000000000003 0.7052083333333333 0.040625 0.05625
0 0.259375 0.6052083333333333 0.040625 0.05625
0 0.37734375000000003 0.6270833333333333 0.0421875 0.04583333333333333
0 0.87421875 0.1375 0.035937500000000004 0.05
0 0.90625 0.20208333333333334 0.028125 0.04583333333333333
0 0.64375 0.14791666666666667 0.028125 0.0375
0 0.8367187500000001 0.11354166666666667 0.0328125 0.052083333333333336
0 0.9812500000000001 0.315625 0.034375 0.04791666666666666
