0 0.90625 0.828125 0.05625 0.06458333333333333
0 0.87265625 0.9145833333333333 0.0390625 0.05416666666666667
0 0.54921875 0.665625 0.035937500000000004 0.04375
0 0.5710937500000001 0.690625 0.029687500000000002 0.03125
0 0.4734375 0.6885416666666666 0.03125 0.03958333333333333
0 0.44062500000000004 0.5822916666666667 0.025 0.03125
0 0.4078125 0.534375 0.028125 0.03125
0 0.34609375000000003 0.59375 0.0171875 0.029166666666666667
0 0.41953125 0.6364583333333333 0.0234375 0.022916666666666665
0 0.42734375 0.66875 0.0234375 0.025
0 0.58984375 0.21875 0.0484375 0.0625
0 0.68515625 0.07395833333333333 0.0484375 0.06041666666666667
0 0.57265625 0.146875 0.045312500000000006 0.06041666666666667
0 0.5593750000000001 0.07291666666666667 0.046875 0.05
0 0.77109375 0.15833333333333333 0.0421875 0.058333333333333334
