0 0.95078125 0.11770833333333333 0.09531250000000001 0.23541666666666666
0 0.9851562500000001 0.3364583333333333 0.026562500000000003 0.04791666666666666
0 0.09921875000000001 0.7760416666666666 0.0234375 0.03125
0 0.09296875 0.5822916666666667 0.0171875 0.022916666666666665
0 0.09453125000000001 0.5635416666666666 0.0234375 0.027083333333333334
0 0.08750000000000001 0.4791666666666667 0.018750000000000003 0.025
0 0.20234375000000002 0.5864583333333333 0.0140625 0.022916666666666665
0 0.23125 0.6041666666666666 0.015625 0.025
0 0.1234375 0.43854166666666666 0.018750000000000003 0.027083333333333334
0 0.030468750000000003 0.7916666666666666 0.0171875 0.025
0 0.21953125 0.6854166666666667 0.0171875 0.025
0 0.07734375 0.7270833333333333 0.0203125 0.029166666666666667
0 0.15859375 0.7708333333333334 0.0203125 0.025
0 0.22734375 0.7604166666666666 0.0171875 0.025
