0 0.12578125 0.20625 0.0578125 0.07916666666666666
0 0.09609375 0.06666666666666667 0.0671875 0.0875
0 0.5242187500000001 0.16458333333333333 0.0578125 0.075
0 0.4734375 0.33541666666666664 0.05625 0.0875
0 0.58359375 0.34270833333333334 0.051562500000000004 0.07291666666666667
0 0.8328125000000001 0.2916666666666667 0.065625 0.08333333333333333
0 0.8671875 0.103125 0.059375000000000004 0.07708333333333334
0 0.9671875000000001 0.06666666666666667 0.059375000000000004 0.07916666666666666
0 0.4765625 0.23645833333333333 0.053125000000000006 0.07291666666666667
0 0.6492187500000001 0.5583333333333333 0.035937500000000004 0.058333333333333334
0 0.64609375 0.5072916666666667 0.035937500000000004 0.04791666666666666
0 0.5 0.036458333333333336 0.07187500000000001 0.07291666666666667
0 0.4 0.14791666666666667 0.046875 0.075
