0 0.25390625 0.8010416666666667 0.0390625 0.052083333333333336
0 0.16484375 0.7447916666666666 0.0328125 0.04375
0 0.06406250000000001 0.8927083333333333 0.028125 0.04375
0 0.039843750000000004 0.9166666666666666 0.029687500000000002 0.04583333333333333
0 0.02890625 0.85625 0.026562500000000003 0.03333333333333333
0 0.18515625000000002 0.4708333333333333 0.0328125 0.03333333333333333
0 0.06875 0.4947916666666667 0.040625 0.04375
0 0.16015625 0.2916666666666667 0.035937500000000004 0.05
0 0.140625 0.22291666666666665 0.028125 0.041666666666666664
0 0.2546875 0.540625 0.025 0.035416666666666666
0 0.30703125000000003 0.5541666666666667 0.0234375 0.025
0 0.23750000000000002 0.653125 0.028125 0.035416666666666666
0 0.27421875 0.5041666666666667 0.0234375 0.025
0 0.98203125 0.53125 0.0171875 0.029166666666666667
0 0.9148437500000001 0.775 0.0171875 0.029166666666666667
0 0.9554687500000001 0.8239583333333333 0.0203125 0.022916666666666665
0 0.9921875 0.73125 0.0125 0.029166666666666667
0 0.9343750000000001 0.771875 0.015625 0.022916666666666665
0 0.9500000000000001 0.7802083333333333 0.015625 0.022916666666666665
