0 0.6820312500000001 0.225 0.0765625 0.1125
0 0.51796875 0.09375 0.0765625 0.10416666666666667
0 0.44921875 0.5875 0.0484375 0.0625
0 0.4734375 0.5125 0.046875 0.058333333333333334
0 0.565625 0.4666666666666667 0.059375000000000004 0.07916666666666666
0 0.446875 0.49374999999999997 0.03125 0.04583333333333333
0 0.415625 0.475 0.037500000000000006 0.05416666666666667
0 0.48359375000000004 0.871875 0.051562500000000004 0.08125
0 0.44609375 0.8270833333333333 0.0546875 0.07916666666666666
0 0.54609375 0.7072916666666667 0.045312500000000006 0.06875
0 0.5484375 0.6041666666666666 0.021875000000000002 0.03333333333333333
0 0.5859375 0.6447916666666667 0.021875000000000002 0.035416666666666666
0 0.696875 0.540625 0.021875000000000002 0.03125
0 0.7015625000000001 0.45625 0.018750000000000003 0.029166666666666667
0 0.7640625000000001 0.546875 0.025 0.03958333333333333
0 0.3953125 0.825 0.03125 0.04583333333333333
