0 0.721875 0.096875 0.084375 0.11458333333333333
0 0.46953125 0.4864583333333333 0.0484375 0.06041666666666667
0 0.565625 0.609375 0.040625 0.06041666666666667
0 0.46484375 0.71875 0.0546875 0.07083333333333333
0 0.5 0.775 0.05625 0.075
0 0.41796875 0.728125 0.029687500000000002 0.04375
0 0.496875 0.4114583333333333 0.046875 0.06041666666666667
0 0.58984375 0.3614583333333333 0.051562500000000004 0.07291666666666667
0 0.36250000000000004 0.9447916666666667 0.043750000000000004 0.06458333333333333
0 0.27109375 0.7697916666666667 0.0546875 0.07291666666666667
0 0.6101562500000001 0.5572916666666666 0.0203125 0.03125
0 0.39765625000000004 0.9072916666666666 0.0328125 0.052083333333333336
