0 0.45546875000000003 0.6916666666666667 0.0703125 0.09583333333333333
0 0.85546875 0.7010416666666667 0.0546875 0.07708333333333334
0 0.853125 0.5541666666666667 0.05625 0.075
0 0.6296875000000001 0.7229166666666667 0.040625 0.05416666666666667
0 0.55859375 0.6427083333333333 0.029687500000000002 0.04375
0 0.484375 0.40520833333333334 0.05625 0.06875
0 0.4296875 0.428125 0.03125 0.052083333333333336
0 0.39921875 0.43854166666666666 0.0421875 0.06458333333333333
0 0.2921875 0.71875 0.053125000000000006 0.07083333333333333
0 0.2625 0.8052083333333333 0.05625 0.07291666666666667
0 0.29375 0.5260416666666666 0.018750000000000003 0.027083333333333334
0 0.32656250000000003 0.525 0.015625 0.020833333333333332
0 0.30781250000000004 0.46979166666666666 0.018750000000000003 0.022916666666666665
0 0.25859375 0.271875 0.0234375 0.03125
0 0.29140625000000003 0.14375 0.029687500000000002 0.03333333333333333
0 0.24140625000000002 0.22083333333333333 0.026562500000000003 0.029166666666666667
0 0.52109375 0.259375 0.0234375 0.035416666666666666
