0 0.6312500000000001 0.6072916666666667 0.05 0.06875
0 0.72265625 0.575 0.0546875 0.07083333333333333
0 0.9359375000000001 0.8510416666666667 0.05 0.06875
0 0.478125 0.91875 0.059375000000000004 0.09583333333333333
0 0.696875 0.428125 0.040625 0.04791666666666666
0 0.47109375000000003 0.575 0.0328125 0.04583333333333333
0 0.44296875 0.5197916666666667 0.0234375 0.035416666666666666
0 0.51875 0.3729166666666667 0.021875000000000002 0.041666666666666664
0 0.7328125000000001 0.1125 0.037500000000000006 0.041666666666666664
0 0.6507812500000001 0.07916666666666666 0.0234375 0.03333333333333333
0 0.6765625000000001 0.08229166666666667 0.03125 0.052083333333333336
0 0.56875 0.19166666666666665 0.025 0.03333333333333333
0 0.553125 0.1625 0.025 0.03333333333333333
0 0.80625 0.8427083333333333 0.043750000000000004 0.052083333333333336
0 0.43671875000000004 0.36875 0.0234375 0.0375
0 0.24296875 0.6291666666666667 0.0203125 0.03333333333333333
0 0.28203125 0.628125 0.029687500000000002 0.03125
0 0.26328125 0.746875 0.0171875 0.027083333333333334
0 0.29453125 0.5291666666666667 0.0234375 0.029166666666666667
0 0.30859375 0.7354166666666666 0.0234375 0.03333333333333333
0 0.26640625 0.5666666666666667 0.0328125 0.041666666666666664
0 0.2421875 0.35104166666666664 0.025 0.03125
0 0.2890625 0.21770833333333334 0.03125 0.035416666666666666
0 0.23046875 0.29375 0.026562500000000003 0.03333333333333333
0 0.18671875000000002 0.5197916666666667 0.0234375 0.035416666666666666
0 0.39375000000000004 0.490625 0.028125 0.03958333333333333
0 0.1421875 0.12604166666666666 0.021875000000000002 0.03958333333333333
0 0.8765625 0.21562499999999998 0.043750000000000004 0.09375
0 0.61328125 0.24895833333333334 0.0234375 0.035416666666666666
0 0.3671875 0.328125 0.025 0.03125
