0 0.76171875 0.40208333333333335 0.045312500000000006 0.06666666666666667
0 0.44062500000000004 0.9177083333333333 0.034375 0.052083333333333336
0 0.36562500000000003 0.8864583333333333 0.018750000000000003 0.03125
0 0.5609375 0.8229166666666666 0.053125000000000006 0.06666666666666667
0 0.55625 0.534375 0.028125 0.035416666666666666
0 0.5359375000000001 0.4635416666666667 0.025 0.03958333333333333
0 0.46406250000000004 0.3625 0.05 0.07083333333333333
0 0.32734375000000004 0.8312499999999999 0.0234375 0.029166666666666667
0 0.30859375 0.8083333333333333 0.0171875 0.025
0 0.40937500000000004 0.7114583333333333 0.021875000000000002 0.022916666666666665
0 0.5890625 0.5645833333333333 0.021875000000000002 0.029166666666666667
0 0.6156250000000001 0.5958333333333333 0.025 0.03333333333333333
0 0.5945312500000001 0.5291666666666667 0.0203125 0.029166666666666667
0 0.63828125 0.509375 0.0234375 0.027083333333333334
0 0.8140625 0.7114583333333333 0.0625 0.052083333333333336
0 0.8265625000000001 0.49374999999999997 0.053125000000000006 0.06666666666666667
0 0.5109375 0.6458333333333334 0.028125 0.029166666666666667
0 0.53125 0.7270833333333333 0.028125 0.0375
0 0.4578125 0.7791666666666667 0.021875000000000002 0.029166666666666667
