0 0.43281250000000004 0.7364583333333333 0.059375000000000004 0.07708333333333334
0 0.47500000000000003 0.884375 0.053125000000000006 0.07708333333333334
0 0.54453125 0.9739583333333334 0.0546875 0.04791666666666666
0 0.7054687500000001 0.603125 0.0484375 0.06041666666666667
0 0.878125 0.5708333333333333 0.05 0.0625
0 0.9328125 0.6052083333333333 0.05 0.06041666666666667
0 0.8132812500000001 0.709375 0.0578125 0.07291666666666667
0 0.734375 0.671875 0.053125000000000006 0.06875
0 0.5671875000000001 0.6208333333333333 0.05 0.058333333333333334
0 0.8328125000000001 0.8864583333333333 0.053125000000000006 0.06458333333333333
0 0.884375 0.8333333333333334 0.053125000000000006 0.075
0 0.9203125000000001 0.8927083333333333 0.053125000000000006 0.08125
0 0.953125 0.7229166666666667 0.05 0.07083333333333333
0 0.18046875 0.9479166666666666 0.06406250000000001 0.075
