0 0.6125 0.46875 0.09062500000000001 0.125
0 0.6421875 0.18958333333333333 0.08750000000000001 0.12916666666666665
0 0.68125 0.03333333333333333 0.08125 0.06666666666666667
0 0.34375 0.22708333333333333 0.059375000000000004 0.09583333333333333
0 0.5078125 0.32916666666666666 0.053125000000000006 0.07083333333333333
0 0.784375 0.5145833333333333 0.096875 0.125
0 0.6820312500000001 0.5729166666666666 0.08281250000000001 0.11666666666666667
0 0.7625000000000001 0.703125 0.12187500000000001 0.16041666666666665
0 0.44062500000000004 0.859375 0.078125 0.10208333333333333
0 0.3484375 0.9010416666666666 0.059375000000000004 0.10208333333333333
0 0.4703125 0.975 0.07187500000000001 0.04583333333333333
