0 0.2109375 0.9333333333333333 0.059375000000000004 0.0625
0 0.81640625 0.21770833333333334 0.07968750000000001 0.15208333333333332
0 0.59921875 0.196875 0.0484375 0.06041666666666667
0 0.2515625 0.4145833333333333 0.043750000000000004 0.05416666666666667
0 0.23984375000000002 0.3302083333333333 0.026562500000000003 0.035416666666666666
0 0.2859375 0.2864583333333333 0.025 0.035416666666666666
0 0.31875000000000003 0.26145833333333335 0.03125 0.035416666666666666
0 0.37421875000000004 0.3145833333333333 0.051562500000000004 0.05
0 0.36484375 0.10520833333333333 0.026562500000000003 0.035416666666666666
0 0.32656250000000003 0.06979166666666667 0.03125 0.035416666666666666
0 0.41328125000000004 0.053125 0.029687500000000002 0.03125
0 0.0671875 0.5708333333333333 0.03125 0.0375
0 0.037500000000000006 0.7875 0.034375 0.0375
0 0.67734375 0.6020833333333333 0.045312500000000006 0.06666666666666667
0 0.40546875000000004 0.46875 0.035937500000000004 0.05416666666666667
0 0.14609375 0.45 0.0203125 0.03333333333333333
0 0.0734375 0.378125 0.025 0.035416666666666666
0 0.09765625 0.39479166666666665 0.029687500000000002 0.035416666666666666
0 0.171875 0.26979166666666665 0.021875000000000002 0.03125
0 0.19140625 0.2875 0.0234375 0.029166666666666667
0 0.13046875 0.33541666666666664 0.0234375 0.029166666666666667
0 0.18359375 0.140625 0.026562500000000003 0.035416666666666666
0 0.39765625000000004 0.825 0.0421875 0.05
