0 0.5796875 0.5510416666666667 0.06875 0.08541666666666667
0 0.6703125000000001 0.6604166666666667 0.065625 0.0875
0 0.5515625000000001 0.6947916666666667 0.06875 0.09375
0 0.6882812500000001 0.8145833333333333 0.060937500000000006 0.08333333333333333
0 0.03828125 0.7833333333333333 0.0765625 0.1375
0 0.06015625 0.7416666666666667 0.0734375 0.09166666666666666
0 0.36640625000000004 0.6 0.045312500000000006 0.06666666666666667
0 0.4078125 0.146875 0.040625 0.06458333333333333
0 0.44765625000000003 0.25416666666666665 0.0421875 0.058333333333333334
0 0.353125 0.41770833333333335 0.043750000000000004 0.05625
0 0.309375 0.35 0.046875 0.0625
0 0.0859375 0.07604166666666666 0.05625 0.10208333333333333
0 0.46328125000000003 0.9260416666666667 0.15781250000000002 0.14375
