0 0.82421875 0.48854166666666665 0.0859375 0.11041666666666666
0 0.92109375 0.4427083333333333 0.09843750000000001 0.10208333333333333
0 0.8890625000000001 0.9135416666666667 0.059375000000000004 0.08125
0 0.6179687500000001 0.9458333333333333 0.09843750000000001 0.10416666666666667
0 0.5734375 0.80625 0.03125 0.04583333333333333
0 0.5328125 0.7729166666666667 0.037500000000000006 0.058333333333333334
0 0.403125 0.5677083333333334 0.028125 0.03958333333333333
0 0.371875 0.5041666666666667 0.025 0.03333333333333333
0 0.31796875 0.4770833333333333 0.0234375 0.0375
0 0.45234375000000004 0.35625 0.026562500000000003 0.0375
0 0.73984375 0.3385416666666667 0.051562500000000004 0.06875
0 0.6843750000000001 0.13854166666666667 0.03125 0.04791666666666666
0 0.6937500000000001 0.04375 0.034375 0.04583333333333333
0 0.56171875 0.2 0.0234375 0.0375
0 0.5765625 0.2375 0.025 0.029166666666666667
0 0.53359375 0.32916666666666666 0.0234375 0.0375
0 0.12890625 0.6614583333333334 0.0234375 0.03125
0 0.15781250000000002 0.7989583333333333 0.025 0.035416666666666666
0 0.1640625 0.659375 0.025 0.03125
0 0.18515625000000002 0.5416666666666666 0.026562500000000003 0.03333333333333333
0 0.11328125 0.32916666666666666 0.029687500000000002 0.03333333333333333
0 0.16796875 0.18125 0.026562500000000003 0.041666666666666664
0 0.10078125 0.2708333333333333 0.0234375 0.03333333333333333
0 0.0578125 0.540625 0.021875000000000002 0.03125
0 0.14296875 0.5927083333333333 0.0234375 0.03125
0 0.1625 0.5875 0.025 0.0375
0 0.35000000000000003 0.359375 0.018750000000000003 0.03125
0 0.33125000000000004 0.3364583333333333 0.018750000000000003 0.027083333333333334
0 0.38125000000000003 0.346875 0.018750000000000003 0.03125
0 0.41015625 0.25104166666666666 0.0203125 0.03125
0 0.32734375000000004 0.25 0.029687500000000002 0.0375
0 0.27421875 0.2739583333333333 0.026562500000000003 0.035416666666666666
0 0.48515625 0.11458333333333333 0.0203125 0.03333333333333333
0 0.50546875 0.14270833333333333 0.026562500000000003 0.035416666666666666
0 0.52890625 0.15104166666666666 0.0203125 0.03125
0 0.59375 0.028125 0.028125 0.03958333333333333
0 0.6218750000000001 0.025 0.028125 0.04583333333333333
0 0.7515625 0.8552083333333333 0.037500000000000006 0.04375
0 0.26484375 0.30833333333333335 0.026562500000000003 0.0375
