0 0.8984375 0.440625 0.046875 0.05625
0 0.4609375 0.6520833333333333 0.028125 0.0375
0 0.41015625 0.8677083333333333 0.026562500000000003 0.035416666666666666
0 0.38515625000000003 0.8208333333333333 0.026562500000000003 0.03333333333333333
0 0.33125000000000004 0.790625 0.028125 0.035416666666666666
0 0.19765625 0.825 0.0234375 0.03333333333333333
0 0.15625 0.8760416666666666 0.025 0.03125
0 0.16875 0.8572916666666667 0.021875000000000002 0.035416666666666666
0 0.184375 0.9125 0.021875000000000002 0.029166666666666667
0 0.16953125000000002 0.9270833333333334 0.0234375 0.03333333333333333
0 0.1375 0.9447916666666667 0.025 0.035416666666666666
0 0.1390625 0.640625 0.025 0.03958333333333333
0 0.78671875 0.40208333333333335 0.029687500000000002 0.04583333333333333
0 0.859375 0.4125 0.03125 0.0375
0 0.7609375 0.3677083333333333 0.028125 0.04375
0 0.79296875 0.34375 0.029687500000000002 0.03333333333333333
0 0.6859375000000001 0.4166666666666667 0.025 0.0375
0 0.6742187500000001 0.4947916666666667 0.0234375 0.03125
0 0.49140625000000004 0.4458333333333333 0.0203125 0.029166666666666667
0 0.5109375 0.47291666666666665 0.025 0.029166666666666667
0 0.5609375 0.5302083333333333 0.018750000000000003 0.027083333333333334
0 0.35859375000000004 0.64375 0.0203125 0.029166666666666667
0 0.19843750000000002 0.49583333333333335 0.028125 0.03333333333333333
0 0.13125 0.58125 0.025 0.029166666666666667
0 0.78828125 0.15416666666666667 0.026562500000000003 0.0375
0 0.8125 0.041666666666666664 0.034375 0.041666666666666664
0 0.7445312500000001 0.08229166666666667 0.029687500000000002 0.04375
0 0.775 0.05520833333333333 0.034375 0.04375
0 0.8187500000000001 0.196875 0.028125 0.03958333333333333
0 0.74375 0.2739583333333333 0.021875000000000002 0.03125
0 0.53515625 0.6322916666666667 0.0203125 0.03125
0 0.76484375 0.9625 0.035937500000000004 0.05
0 0.61875 0.375 0.025 0.0375
0 0.59296875 0.359375 0.026562500000000003 0.03958333333333333
0 0.609375 0.31666666666666665 0.021875000000000002 0.03333333333333333
0 0.7140625 0.28541666666666665 0.021875000000000002 0.029166666666666667
0 0.70625 0.3072916666666667 0.015625 0.027083333333333334
0 0.6117187500000001 0.23020833333333332 0.0234375 0.03125
0 0.55078125 0.41770833333333335 0.0234375 0.027083333333333334
0 0.38984375000000004 0.6229166666666667 0.0234375 0.029166666666666667
