0 0.59375 0.4041666666666667 0.018750000000000003 0.025
0 0.9609375 0.6354166666666666 0.07500000000000001 0.1625
0 0.55 0.26666666666666666 0.025 0.0375
0 0.5578125 0.19166666666666665 0.021875000000000002 0.029166666666666667
0 0.5750000000000001 0.18020833333333333 0.025 0.03958333333333333
0 0.4734375 0.153125 0.028125 0.03958333333333333
0 0.58203125 0.2625 0.0234375 0.0375
0 0.5984375000000001 0.24479166666666666 0.021875000000000002 0.027083333333333334
0 0.8406250000000001 0.08125 0.034375 0.04583333333333333
0 0.79453125 0.011458333333333333 0.0328125 0.022916666666666665
0 0.64765625 0.3802083333333333 0.0234375 0.035416666666666666
