0 0.42500000000000004 0.6354166666666666 0.065625 0.08333333333333333
0 0.44062500000000004 0.45208333333333334 0.05625 0.07916666666666666
0 0.63828125 0.3260416666666667 0.0859375 0.13958333333333334
0 0.82578125 0.29583333333333334 0.09531250000000001 0.13333333333333333
0 0.8046875 0.503125 0.1 0.11875
0 0.7234375000000001 0.08229166666666667 0.08750000000000001 0.13958333333333334
0 0.21406250000000002 0.3375 0.05625 0.0625
0 0.1703125 0.22083333333333333 0.05 0.058333333333333334
0 0.41640625000000003 0.08020833333333333 0.06406250000000001 0.09791666666666667
0 0.36484375 0.9020833333333333 0.2515625 0.19166666666666665
