0 0.5984375000000001 0.425 0.040625 0.0625
0 0.6359375 0.4427083333333333 0.034375 0.04791666666666666
0 0.890625 0.47291666666666665 0.1 0.11666666666666667
0 0.9539062500000001 0.271875 0.0890625 0.13541666666666666
0 0.9015625 0.6635416666666667 0.09375 0.12291666666666666
0 0.8539062500000001 0.059375 0.0484375 0.052083333333333336
0 0.8265625000000001 0.1625 0.043750000000000004 0.0625
0 0.37109375 0.22604166666666667 0.0328125 0.035416666666666666
0 0.4109375 0.059375 0.03125 0.04375
0 0.11640625 0.471875 0.026562500000000003 0.03125
0 0.1203125 0.39791666666666664 0.025 0.0375
0 0.041406250000000006 0.10625 0.029687500000000002 0.041666666666666664
0 0.018750000000000003 0.046875 0.034375 0.03958333333333333
0 0.29765625 0.21875 0.0234375 0.0375
0 0.49296875 0.015625 0.029687500000000002 0.03125
0 0.25703125 0.09583333333333333 0.026562500000000003 0.0375
0 0.29140625000000003 0.1 0.0203125 0.029166666666666667
0 0.32109375 0.0875 0.0203125 0.029166666666666667
0 0.16953125000000002 0.621875 0.0203125 0.027083333333333334
0 0.15390625000000002 0.4635416666666667 0.029687500000000002 0.04375
