0 0.7453125 0.3875 0.03125 0.05416666666666667
0 0.7828125 0.396875 0.03125 0.03958333333333333
0 0.94296875 0.47604166666666664 0.0671875 0.08541666666666667
0 0.91953125 0.33229166666666665 0.0703125 0.08125
0 0.9546875 0.19479166666666667 0.07500000000000001 0.09375
0 0.353125 0.4947916666666667 0.018750000000000003 0.027083333333333334
0 0.4 0.6177083333333333 0.021875000000000002 0.027083333333333334
0 0.37578125 0.484375 0.029687500000000002 0.04375
0 0.28515625 0.21041666666666667 0.026562500000000003 0.0375
0 0.54296875 0.2583333333333333 0.0234375 0.029166666666666667
0 0.565625 0.11770833333333333 0.025 0.035416666666666666
0 0.634375 0.0625 0.018750000000000003 0.029166666666666667
0 0.44296875 0.17395833333333333 0.0171875 0.022916666666666665
0 0.47109375000000003 0.16875 0.0203125 0.025
0 0.4921875 0.16041666666666665 0.018750000000000003 0.029166666666666667
0 0.4859375 0.259375 0.021875000000000002 0.03125
0 0.3984375 0.11562499999999999 0.028125 0.03125
0 0.29765625 0.0625 0.0234375 0.029166666666666667
0 0.26328125 0.16354166666666667 0.026562500000000003 0.03125
0 0.2765625 0.2864583333333333 0.025 0.03125
0 0.27109375 0.4145833333333333 0.0234375 0.0375
0 0.35390625000000003 0.43854166666666666 0.026562500000000003 0.03125
0 0.2265625 0.19583333333333333 0.025 0.03333333333333333
