0 0.53828125 0.31354166666666666 0.029687500000000002 0.052083333333333336
0 0.5750000000000001 0.3260416666666667 0.028125 0.04375
0 0.628125 0.28229166666666666 0.065625 0.06458333333333333
0 0.6375000000000001 0.33541666666666664 0.046875 0.0625
0 0.5828125000000001 0.153125 0.0625 0.09791666666666667
0 0.80859375 0.09583333333333333 0.045312500000000006 0.058333333333333334
0 0.6023437500000001 0.026041666666666668 0.0671875 0.052083333333333336
0 0.7195312500000001 0.24895833333333334 0.0390625 0.052083333333333336
0 0.18515625000000002 0.465625 0.0203125 0.027083333333333334
0 0.2421875 0.5947916666666666 0.018750000000000003 0.022916666666666665
0 0.21328125 0.4666666666666667 0.0171875 0.029166666666666667
0 0.2234375 0.459375 0.021875000000000002 0.03125
0 0.10546875 0.16770833333333332 0.0234375 0.03125
0 0.35859375000000004 0.20416666666666666 0.0234375 0.029166666666666667
0 0.19062500000000002 0.4083333333333333 0.025 0.03333333333333333
0 0.20625000000000002 0.3458333333333333 0.018750000000000003 0.029166666666666667
0 0.1 0.3802083333333333 0.025 0.035416666666666666
