0 0.240625 0.6083333333333333 0.05625 0.075
0 0.5328125 0.4614583333333333 0.05625 0.08125
0 0.32890625 0.9072916666666666 0.0546875 0.07708333333333334
0 0.7835937500000001 0.8885416666666667 0.060937500000000006 0.08125
0 0.7640625000000001 0.9510416666666667 0.037500000000000006 0.04791666666666666
0 0.8421875000000001 0.659375 0.05625 0.07291666666666667
0 0.74765625 0.55 0.0484375 0.07083333333333333
0 0.4390625 0.8208333333333333 0.043750000000000004 0.058333333333333334
0 0.6023437500000001 0.7447916666666666 0.0421875 0.06458333333333333
0 0.61875 0.48541666666666666 0.053125000000000006 0.0625
0 0.6960937500000001 0.32395833333333335 0.0546875 0.06875
0 0.20390625 0.7229166666666667 0.06406250000000001 0.07916666666666666
0 0.5554687500000001 0.44895833333333335 0.051562500000000004 0.07291666666666667
0 0.82578125 0.8156249999999999 0.045312500000000006 0.06458333333333333
0 0.8132812500000001 0.46979166666666666 0.0484375 0.06041666666666667
0 0.390625 0.615625 0.046875 0.06041666666666667
