0 0.5953125 0.828125 0.043750000000000004 0.06458333333333333
0 0.6179687500000001 0.928125 0.045312500000000006 0.06458333333333333
0 0.6453125000000001 0.7083333333333334 0.03125 0.058333333333333334
0 0.9625 0.55625 0.046875 0.058333333333333334
0 0.909375 0.4708333333333333 0.046875 0.0625
0 0.9812500000000001 0.45625 0.034375 0.05
0 0.721875 0.103125 0.05 0.08541666666666667
0 0.6515625 0.13333333333333333 0.05625 0.06666666666666667
0 0.35625 0.5729166666666666 0.06875 0.09583333333333333
0 0.325 0.6583333333333333 0.05625 0.07916666666666666
0 0.5375 0.7489583333333333 0.046875 0.052083333333333336
0 0.29375 0.12395833333333334 0.05 0.07291666666666667
