0 0.16562500000000002 0.6395833333333333 0.08125 0.10833333333333334
0 0.21484375 0.8791666666666667 0.08281250000000001 0.10416666666666667
0 0.47890625000000003 0.9572916666666667 0.0578125 0.08125
0 0.67578125 0.834375 0.06406250000000001 0.08125
0 0.78671875 0.8333333333333334 0.0765625 0.1125
0 0.86484375 0.86875 0.07968750000000001 0.10416666666666667
0 0.74765625 0.44479166666666664 0.0703125 0.09791666666666667
0 0.7718750000000001 0.3260416666666667 0.09062500000000001 0.10625
0 0.41875 0.38958333333333334 0.043750000000000004 0.058333333333333334
0 0.43125 0.35520833333333335 0.037500000000000006 0.04375
0 0.44296875 0.21145833333333333 0.0421875 0.052083333333333336
0 0.34609375000000003 0.26875 0.035937500000000004 0.058333333333333334
0 0.35078125000000004 0.37395833333333334 0.0390625 0.06041666666666667
