0 0.59375 0.036458333333333336 0.0625 0.07291666666666667
0 0.6203125 0.06458333333333333 0.037500000000000006 0.05
0 0.7921875 0.21979166666666666 0.05625 0.07708333333333334
0 0.8671875 0.22395833333333334 0.043750000000000004 0.05625
0 0.8812500000000001 0.18229166666666666 0.037500000000000006 0.035416666666666666
0 0.6585937500000001 0.18958333333333333 0.0421875 0.05416666666666667
0 0.946875 0.46770833333333334 0.053125000000000006 0.07291666666666667
0 0.790625 0.8885416666666667 0.03125 0.052083333333333336
0 0.521875 0.8854166666666666 0.040625 0.05416666666666667
0 0.8703125 0.409375 0.03125 0.052083333333333336
