0 0.6234375000000001 0.5302083333333333 0.05 0.07291666666666667
0 0.96796875 0.359375 0.060937500000000006 0.11458333333333333
0 0.8046875 0.3052083333333333 0.09062500000000001 0.10625
0 0.7453125 0.30416666666666664 0.043750000000000004 0.06666666666666667
0 0.6421875 0.34270833333333334 0.053125000000000006 0.06875
0 0.8078125 0.5875 0.05625 0.07916666666666666
0 0.8703125 0.6395833333333333 0.059375000000000004 0.06666666666666667
0 0.8617187500000001 0.7364583333333333 0.06406250000000001 0.07708333333333334
0 0.81796875 0.6666666666666666 0.051562500000000004 0.0625
0 0.953125 0.7135416666666666 0.05 0.07291666666666667
0 0.859375 0.8572916666666667 0.059375000000000004 0.08125
0 0.63203125 0.646875 0.045312500000000006 0.06041666666666667
0 0.6640625 0.6947916666666667 0.034375 0.052083333333333336
0 0.65546875 0.7625 0.0390625 0.058333333333333334
0 0.71640625 0.953125 0.0484375 0.06458333333333333
0 0.94921875 0.9614583333333333 0.0546875 0.07291666666666667
0 0.21640625000000002 0.8770833333333333 0.0546875 0.07916666666666666
0 0.2984375 0.7989583333333333 0.037500000000000006 0.06875
0 0.353125 0.8291666666666666 0.046875 0.07083333333333333
0 0.41796875 0.853125 0.0484375 0.07291666666666667
0 0.48359375000000004 0.884375 0.0484375 0.07291666666666667
0 0.46718750000000003 0.8114583333333333 0.046875 0.06458333333333333
0 0.50546875 0.5625 0.0421875 0.06666666666666667
0 0.328125 0.3125 0.08750000000000001 0.10416666666666667
0 0.8210937500000001 0.0625 0.0703125 0.1
