0 0.59375 0.34375 0.05625 0.07083333333333333
0 0.6429687500000001 0.28541666666666665 0.06406250000000001 0.08333333333333333
0 0.659375 0.11666666666666667 0.05625 0.09166666666666666
0 0.7375 0.10208333333333333 0.05 0.07916666666666666
0 0.5453125 0.21041666666666667 0.053125000000000006 0.06666666666666667
0 0.55703125 0.2791666666666667 0.0421875 0.06666666666666667
0 0.5484375 0.609375 0.053125000000000006 0.07291666666666667
0 0.65390625 0.7760416666666666 0.035937500000000004 0.04791666666666666
0 0.6531250000000001 0.5979166666666667 0.034375 0.05416666666666667
0 0.48203125 0.5770833333333333 0.035937500000000004 0.0625
0 0.49375 0.042708333333333334 0.053125000000000006 0.08541666666666667
0 0.5609375 0.04895833333333333 0.053125000000000006 0.07708333333333334
0 0.1875 0.378125 0.034375 0.06041666666666667
0 0.046875 0.021875 0.037500000000000006 0.04375
0 0.728125 0.4739583333333333 0.037500000000000006 0.052083333333333336
0 0.584375 0.8833333333333333 0.028125 0.0375
0 0.6156250000000001 0.8375 0.03125 0.04583333333333333
0 0.5437500000000001 0.8104166666666667 0.03125 0.041666666666666664
0 0.5875 0.7302083333333333 0.025 0.03125
0 0.6015625 0.7770833333333333 0.025 0.0375
0 0.57734375 0.784375 0.0234375 0.035416666666666666
0 0.51875 0.8937499999999999 0.03125 0.04583333333333333
0 0.5609375 0.94375 0.03125 0.041666666666666664
0 0.1453125 0.4947916666666667 0.034375 0.04375
0 0.01953125 0.165625 0.026562500000000003 0.03958333333333333
0 0.09062500000000001 0.20729166666666665 0.028125 0.03958333333333333
0 0.1078125 0.5114583333333333 0.034375 0.052083333333333336
