0 0.5125000000000001 0.41354166666666664 0.059375000000000004 0.07291666666666667
0 0.5625 0.340625 0.07500000000000001 0.08541666666666667
0 0.5625 0.16458333333333333 0.065625 0.1
0 0.6546875000000001 0.13229166666666667 0.043750000000000004 0.08125
0 0.8234375 0.190625 0.05625 0.06875
0 0.72265625 0.14166666666666666 0.045312500000000006 0.058333333333333334
0 0.6640625 0.2583333333333333 0.065625 0.10416666666666667
0 0.48359375000000004 0.7104166666666667 0.051562500000000004 0.075
0 0.5921875 0.665625 0.037500000000000006 0.04791666666666666
0 0.62265625 0.8510416666666667 0.0421875 0.06041666666666667
0 0.56015625 0.9083333333333333 0.029687500000000002 0.05
0 0.58046875 0.9020833333333333 0.029687500000000002 0.058333333333333334
0 0.44062500000000004 0.278125 0.059375000000000004 0.08541666666666667
0 0.4609375 0.35 0.053125000000000006 0.075
0 0.51171875 0.353125 0.0484375 0.06458333333333333
0 0.41015625 0.6791666666666667 0.0421875 0.0625
0 0.50703125 0.5395833333333333 0.0546875 0.07083333333333333
0 0.434375 0.5479166666666666 0.05 0.0625
0 0.40468750000000003 0.584375 0.037500000000000006 0.06041666666666667
0 0.055468750000000004 0.5072916666666667 0.0578125 0.06041666666666667
0 0.06328125 0.5677083333333334 0.060937500000000006 0.05625
0 0.055468750000000004 0.634375 0.0484375 0.06875
0 0.36015625 0.7229166666666667 0.0390625 0.05
0 0.3640625 0.090625 0.059375000000000004 0.08125
0 0.44453125000000004 0.10208333333333333 0.06406250000000001 0.1
0 0.38906250000000003 0.019791666666666666 0.06875 0.03958333333333333
