0 0.73203125 0.565625 0.0546875 0.08541666666666667
0 0.8140625 0.5708333333333333 0.0625 0.0875
0 0.9640625 0.66875 0.06875 0.11666666666666667
0 0.9640625 0.85 0.06875 0.11666666666666667
0 0.91015625 0.90625 0.0765625 0.1
0 0.8078125 0.7333333333333333 0.06875 0.08333333333333333
0 0.83125 0.80625 0.065625 0.0625
0 0.7585937500000001 0.46770833333333334 0.060937500000000006 0.06875
0 0.9578125000000001 0.41562499999999997 0.08125 0.09791666666666667
0 0.94296875 0.24166666666666667 0.0765625 0.0875
0 0.8875000000000001 0.37604166666666666 0.05625 0.07708333333333334
0 0.8773437500000001 0.4322916666666667 0.0484375 0.05625
0 0.94921875 0.3364583333333333 0.060937500000000006 0.07291666666666667
0 0.753125 0.928125 0.043750000000000004 0.04791666666666666
0 0.7875000000000001 0.98125 0.043750000000000004 0.03333333333333333
0 0.87265625 0.9864583333333333 0.051562500000000004 0.022916666666666665
0 0.24921875000000002 0.53125 0.035937500000000004 0.05
0 0.16015625 0.19375 0.0328125 0.041666666666666664
0 0.21875 0.7052083333333333 0.028125 0.035416666666666666
0 0.22890625 0.6666666666666666 0.029687500000000002 0.05
0 0.41171875 0.9333333333333333 0.0484375 0.0625
