0 0.4453125 0.28229166666666666 0.03125 0.03958333333333333
0 0.52578125 0.3229166666666667 0.029687500000000002 0.0375
0 0.540625 0.353125 0.028125 0.035416666666666666
0 0.67578125 0.41041666666666665 0.0484375 0.05
0 0.9546875 0.4083333333333333 0.059375000000000004 0.06666666666666667
0 0.8992187500000001 0.43333333333333335 0.0484375 0.0625
0 0.72578125 0.3989583333333333 0.0421875 0.04791666666666666
0 0.67734375 0.7760416666666666 0.045312500000000006 0.05625
0 0.5546875 0.4375 0.037500000000000006 0.05
0 0.38359375 0.178125 0.026562500000000003 0.035416666666666666
0 0.30546875 0.18333333333333332 0.026562500000000003 0.03333333333333333
0 0.3203125 0.2677083333333333 0.021875000000000002 0.03125
0 0.78828125 0.12291666666666666 0.035937500000000004 0.04583333333333333
0 0.7765625 0.08125 0.03125 0.0375
