0 0.7484375000000001 0.3375 0.065625 0.1
0 0.94453125 0.3541666666666667 0.07968750000000001 0.12083333333333333
0 0.95625 0.184375 0.07187500000000001 0.09791666666666667
0 0.9617187500000001 0.10520833333333333 0.0734375 0.07291666666666667
0 0.72421875 0.19479166666666667 0.060937500000000006 0.08958333333333333
0 0.7625000000000001 0.12916666666666665 0.05625 0.075
0 0.21015625000000002 0.12916666666666665 0.0765625 0.09166666666666666
0 0.12421875 0.5885416666666666 0.0703125 0.09375
0 0.025781250000000002 0.4770833333333333 0.051562500000000004 0.0875
0 0.15000000000000002 0.3729166666666667 0.05 0.07916666666666666
0 0.659375 0.4114583333333333 0.05 0.06458333333333333
0 0.8210937500000001 0.6291666666666667 0.0421875 0.0625
0 0.79453125 0.753125 0.0484375 0.06458333333333333
0 0.8578125000000001 0.7947916666666667 0.040625 0.04375
0 0.9234375 0.765625 0.046875 0.06041666666666667
0 0.19453125000000002 0.921875 0.045312500000000006 0.05625
0 0.11406250000000001 0.8333333333333334 0.046875 0.05416666666666667
0 0.043750000000000004 0.1375 0.0625 0.07916666666666666
0 0.23593750000000002 0.29583333333333334 0.065625 0.06666666666666667
