0 0.6414062500000001 0.4708333333333333 0.0765625 0.10833333333333334
0 0.7468750000000001 0.48020833333333335 0.08125 0.09791666666666667
0 0.9617187500000001 0.6645833333333333 0.0734375 0.14583333333333334
0 0.92109375 0.8729166666666667 0.1078125 0.125
0 0.828125 0.9302083333333333 0.09062500000000001 0.11458333333333333
0 0.7046875 0.6833333333333333 0.08125 0.09583333333333333
0 0.71796875 0.765625 0.060937500000000006 0.07708333333333334
0 0.6265625 0.9479166666666666 0.053125000000000006 0.075
0 0.7390625000000001 0.9729166666666667 0.05 0.05
0 0.76875 0.9260416666666667 0.043750000000000004 0.07291666666666667
0 0.68125 0.33125 0.078125 0.1125
0 0.8171875000000001 0.3020833333333333 0.053125000000000006 0.075
0 0.84765625 0.26145833333333335 0.0546875 0.09375
0 0.95703125 0.30833333333333335 0.08281250000000001 0.15416666666666667
0 0.86484375 0.5666666666666667 0.0703125 0.09166666666666666
0 0.11484375000000001 0.6 0.035937500000000004 0.041666666666666664
0 0.07109375 0.571875 0.0328125 0.04791666666666666
0 0.29140625000000003 0.525 0.035937500000000004 0.04583333333333333
0 0.16875 0.9249999999999999 0.05625 0.041666666666666664
0 0.15078125 0.8802083333333334 0.0703125 0.06875
0 0.16328125000000002 0.9739583333333334 0.0734375 0.04791666666666666
0 0.465625 0.9104166666666667 0.046875 0.058333333333333334
