0 0.6726562500000001 0.4197916666666667 0.0734375 0.09375
0 0.8453125 0.2760416666666667 0.1 0.13125
0 0.7351562500000001 0.5645833333333333 0.0546875 0.075
0 0.759375 0.490625 0.0625 0.08125
0 0.89765625 0.4166666666666667 0.0734375 0.1
0 0.884375 0.35520833333333335 0.059375000000000004 0.06458333333333333
0 0.7054687500000001 0.28854166666666664 0.0703125 0.10208333333333333
0 0.6492187500000001 0.36354166666666665 0.0421875 0.05625
0 0.83359375 0.17708333333333334 0.0671875 0.09166666666666666
0 0.57421875 0.5989583333333334 0.0578125 0.07291666666666667
0 0.5328125 0.7010416666666667 0.053125000000000006 0.08541666666666667
0 0.8914062500000001 0.8302083333333333 0.0484375 0.06041666666666667
0 0.95078125 0.90625 0.0484375 0.05416666666666667
0 0.76875 0.9406249999999999 0.053125000000000006 0.06875
0 0.16562500000000002 0.35520833333333335 0.07500000000000001 0.09375
0 0.1015625 0.4010416666666667 0.078125 0.08958333333333333
0 0.18671875000000002 0.28125 0.0765625 0.0625
0 0.026562500000000003 0.17708333333333334 0.053125000000000006 0.10416666666666667
0 0.20703125 0.190625 0.0578125 0.07708333333333334
0 0.58125 0.22395833333333334 0.043750000000000004 0.06458333333333333
0 0.859375 0.6583333333333333 0.040625 0.06666666666666667
0 0.95234375 0.5864583333333333 0.045312500000000006 0.06875
0 0.65390625 0.22291666666666665 0.0390625 0.0625
