0 0.6328125 0.275 0.0625 0.08333333333333333
0 0.65546875 0.41770833333333335 0.045312500000000006 0.052083333333333336
0 0.64765625 0.38125 0.0484375 0.05
0 0.65390625 0.5125 0.06406250000000001 0.10416666666666667
0 0.7375 0.5020833333333333 0.034375 0.05
0 0.59375 0.703125 0.043750000000000004 0.06041666666666667
0 0.640625 0.778125 0.046875 0.05625
0 0.56953125 0.8135416666666666 0.0484375 0.06041666666666667
0 0.6578125 0.6802083333333333 0.034375 0.06458333333333333
0 0.6000000000000001 0.6322916666666667 0.040625 0.05625
0 0.55078125 0.6364583333333333 0.035937500000000004 0.05625
0 0.50234375 0.5864583333333333 0.035937500000000004 0.05625
0 0.48984375 0.7375 0.051562500000000004 0.06666666666666667
0 0.41250000000000003 0.596875 0.034375 0.052083333333333336
0 0.23671875 0.125 0.051562500000000004 0.08333333333333333
0 0.04453125 0.1375 0.060937500000000006 0.07916666666666666
0 0.3984375 0.090625 0.053125000000000006 0.08541666666666667
0 0.60859375 0.09479166666666666 0.0546875 0.09791666666666667
0 0.2703125 0.896875 0.040625 0.052083333333333336
