0 0.50703125 0.5385416666666667 0.0578125 0.08125
0 0.59296875 0.475 0.060937500000000006 0.08333333333333333
0 0.39140625 0.46041666666666664 0.0703125 0.08333333333333333
0 0.51953125 0.3833333333333333 0.0546875 0.075
0 0.5390625 0.41562499999999997 0.053125000000000006 0.06041666666666667
0 0.5953125 0.3614583333333333 0.046875 0.06041666666666667
0 0.5281250000000001 0.2875 0.065625 0.07916666666666666
0 0.4609375 0.32708333333333334 0.046875 0.07916666666666666
0 0.39375000000000004 0.25625 0.059375000000000004 0.07916666666666666
0 0.45156250000000003 0.20416666666666666 0.046875 0.075
0 0.46953125 0.24687499999999998 0.051562500000000004 0.06458333333333333
0 0.5632812500000001 0.041666666666666664 0.0578125 0.075
0 0.53515625 0.134375 0.045312500000000006 0.06458333333333333
0 0.49531250000000004 0.14583333333333334 0.040625 0.058333333333333334
0 0.67890625 0.16979166666666667 0.0546875 0.06458333333333333
0 0.26406250000000003 0.3072916666666667 0.040625 0.08125
