0 0.215625 0.7739583333333333 0.096875 0.11458333333333333
0 0.1421875 0.5052083333333334 0.08125 0.11041666666666666
0 0.55390625 0.7020833333333333 0.0765625 0.10416666666666667
0 0.68515625 0.8104166666666667 0.0859375 0.11666666666666667
0 0.8367187500000001 0.625 0.09531250000000001 0.11666666666666667
0 0.7757812500000001 0.740625 0.0765625 0.09375
0 0.71875 0.5614583333333333 0.06875 0.09375
0 0.6218750000000001 0.58125 0.08750000000000001 0.10833333333333334
0 0.5437500000000001 0.6270833333333333 0.08125 0.08333333333333333
0 0.6671875 0.7229166666666667 0.07187500000000001 0.09166666666666666
0 0.696875 0.9614583333333333 0.07500000000000001 0.07291666666666667
0 0.54140625 0.784375 0.060937500000000006 0.08125
0 0.43359375 0.33229166666666665 0.0578125 0.07708333333333334
0 0.48203125 0.3052083333333333 0.0578125 0.08541666666666667
0 0.3453125 0.06458333333333333 0.059375000000000004 0.07916666666666666
