0 0.52578125 0.6395833333333333 0.0578125 0.08333333333333333
0 0.62890625 0.7135416666666666 0.051562500000000004 0.07291666666666667
0 0.7078125000000001 0.6614583333333334 0.0625 0.08125
0 0.64375 0.5729166666666666 0.053125000000000006 0.07083333333333333
0 0.6515625 0.603125 0.043750000000000004 0.04375
0 0.65390625 0.490625 0.0578125 0.07291666666666667
0 0.58828125 0.51875 0.0421875 0.0625
0 0.5328125 0.4583333333333333 0.05 0.06666666666666667
0 0.5875 0.41562499999999997 0.043750000000000004 0.06041666666666667
0 0.596875 0.45208333333333334 0.043750000000000004 0.0625
0 0.53671875 0.35104166666666664 0.0390625 0.052083333333333336
0 0.41953125 0.5010416666666666 0.0421875 0.06875
0 0.67890625 0.2760416666666667 0.0546875 0.06458333333333333
0 0.6468750000000001 0.346875 0.043750000000000004 0.052083333333333336
0 0.6257812500000001 0.14583333333333334 0.045312500000000006 0.058333333333333334
0 0.609375 0.3520833333333333 0.03125 0.04583333333333333
0 0.7375 0.052083333333333336 0.08125 0.10416666666666667
