0 0.5359375000000001 0.509375 0.046875 0.06041666666666667
0 0.53046875 0.6770833333333334 0.060937500000000006 0.07083333333333333
0 0.6234375000000001 0.75 0.05 0.06666666666666667
0 0.7046875 0.6979166666666666 0.05625 0.06666666666666667
0 0.6453125000000001 0.625 0.053125000000000006 0.08333333333333333
0 0.65390625 0.53125 0.06406250000000001 0.06666666666666667
0 0.58984375 0.565625 0.035937500000000004 0.07291666666666667
0 0.5906250000000001 0.4708333333333333 0.043750000000000004 0.06666666666666667
0 0.6742187500000001 0.32916666666666666 0.0484375 0.0625
0 0.74140625 0.128125 0.0765625 0.12291666666666666
0 0.640625 0.3989583333333333 0.037500000000000006 0.04791666666666666
0 0.5453125 0.41041666666666665 0.037500000000000006 0.0625
0 0.42500000000000004 0.5447916666666667 0.037500000000000006 0.06458333333333333
0 0.53359375 0.2708333333333333 0.0390625 0.0625
