0 0.5484375 0.5114583333333333 0.043750000000000004 0.05625
0 0.52109375 0.696875 0.051562500000000004 0.06458333333333333
0 0.5109375 0.7770833333333333 0.05 0.0625
0 0.5703125 0.8645833333333334 0.05625 0.07083333333333333
0 0.49531250000000004 0.9208333333333333 0.05625 0.07916666666666666
0 0.39687500000000003 0.8385416666666666 0.053125000000000006 0.08125
0 0.4609375 0.728125 0.034375 0.06041666666666667
0 0.46718750000000003 0.6333333333333333 0.040625 0.06666666666666667
0 0.41250000000000003 0.66875 0.05 0.0625
0 0.30390625000000004 0.703125 0.045312500000000006 0.07291666666666667
0 0.60078125 0.3229166666666667 0.060937500000000006 0.10416666666666667
0 0.41718750000000004 0.43854166666666666 0.040625 0.07291666666666667
0 0.54453125 0.21458333333333332 0.051562500000000004 0.07083333333333333
0 0.10312500000000001 0.11562499999999999 0.0625 0.09375
0 0.48984375 0.109375 0.0546875 0.07708333333333334
0 0.278125 0.09479166666666666 0.05 0.06875
0 0.5203125000000001 0.5729166666666666 0.028125 0.04583333333333333
