0 0.58359375 0.4895833333333333 0.045312500000000006 0.0625
0 0.64609375 0.5270833333333333 0.051562500000000004 0.058333333333333334
0 0.584375 0.29375 0.07500000000000001 0.09583333333333333
0 0.434375 0.25729166666666664 0.07187500000000001 0.09375
0 0.31562500000000004 0.40625 0.053125000000000006 0.07083333333333333
0 0.35703125 0.06666666666666667 0.0671875 0.0875
0 0.21484375 0.04375 0.0578125 0.07916666666666666
0 0.1 0.059375 0.059375000000000004 0.07291666666666667
0 0.11875000000000001 0.21666666666666667 0.037500000000000006 0.05
0 0.08359375000000001 0.6177083333333333 0.051562500000000004 0.06041666666666667
0 0.037500000000000006 0.25729166666666664 0.046875 0.06041666666666667
0 0.02109375 0.13125 0.0421875 0.058333333333333334
0 0.290625 0.13125 0.053125000000000006 0.07083333333333333
