0 0.5 0.4979166666666667 0.0625 0.09166666666666666
0 0.5593750000000001 0.421875 0.059375000000000004 0.07291666666666667
0 0.38906250000000003 0.4770833333333333 0.059375000000000004 0.08333333333333333
0 0.25234375000000003 0.328125 0.045312500000000006 0.06041666666666667
0 0.26406250000000003 0.5322916666666666 0.053125000000000006 0.06875
0 0.03125 0.5927083333333333 0.05 0.06458333333333333
0 0.08046875 0.74375 0.051562500000000004 0.0625
0 0.16015625 0.884375 0.045312500000000006 0.06458333333333333
0 0.9765625 0.175 0.043750000000000004 0.06666666666666667
0 0.6218750000000001 0.14895833333333333 0.034375 0.04375
0 0.76875 0.8989583333333333 0.037500000000000006 0.03958333333333333
0 0.7742187500000001 0.9447916666666667 0.035937500000000004 0.03958333333333333
0 0.484375 0.5677083333333334 0.040625 0.05625
0 0.25 0.21770833333333334 0.040625 0.04791666666666666
0 0.12890625 0.3645833333333333 0.0390625 0.0375
0 0.21015625000000002 0.6739583333333333 0.0390625 0.04375
