0 0.496875 0.4479166666666667 0.06875 0.09166666666666666
0 0.5578125 0.3572916666666667 0.06875 0.08125
0 0.6484375 0.2895833333333333 0.05 0.05416666666666667
0 0.63203125 0.3489583333333333 0.0421875 0.04375
0 0.64375 0.4114583333333333 0.040625 0.04791666666666666
0 0.6156250000000001 0.07083333333333333 0.037500000000000006 0.04583333333333333
0 0.384375 0.4479166666666667 0.0625 0.0875
0 0.23984375000000002 0.32708333333333334 0.051562500000000004 0.075
0 0.29140625000000003 0.25104166666666666 0.0421875 0.03958333333333333
0 0.22421875000000002 0.15416666666666667 0.045312500000000006 0.05
0 0.04609375 0.6260416666666666 0.051562500000000004 0.06458333333333333
0 0.19843750000000002 0.9093749999999999 0.05625 0.06458333333333333
0 0.10703125000000001 0.7760416666666666 0.0546875 0.07291666666666667
0 0.16484375 0.7208333333333333 0.045312500000000006 0.05416666666666667
0 0.48984375 0.534375 0.0578125 0.07708333333333334
0 0.84765625 0.8854166666666666 0.0390625 0.041666666666666664
0 0.8375 0.8447916666666666 0.037500000000000006 0.04375
0 0.7835937500000001 0.8802083333333334 0.035937500000000004 0.04791666666666666
0 0.047656250000000004 0.5270833333333333 0.0421875 0.05
0 0.04609375 0.3770833333333333 0.045312500000000006 0.05416666666666667
0 0.12109375 0.0875 0.0546875 0.07916666666666666
0 0.22421875000000002 0.5572916666666666 0.035937500000000004 0.05625
