0 0.49062500000000003 0.8145833333333333 0.0625 0.07916666666666666
0 0.38125000000000003 0.6958333333333333 0.040625 0.058333333333333334
0 0.27265625 0.5041666666666667 0.0328125 0.041666666666666664
0 0.3328125 0.328125 0.034375 0.04791666666666666
0 0.634375 0.7322916666666667 0.0625 0.07291666666666667
0 0.56796875 0.8177083333333334 0.045312500000000006 0.07291666666666667
0 0.125 0.9479166666666666 0.046875 0.05416666666666667
0 0.225 0.9833333333333333 0.053125000000000006 0.029166666666666667
0 0.09140625000000001 0.809375 0.0484375 0.06041666666666667
0 0.1171875 0.8572916666666667 0.046875 0.052083333333333336
0 0.09531250000000001 0.725 0.040625 0.05
0 0.73359375 0.7447916666666666 0.0578125 0.06875
0 0.7210937500000001 0.6833333333333333 0.0578125 0.05416666666666667
0 0.7265625 0.6270833333333333 0.05625 0.05416666666666667
0 0.2546875 0.5458333333333333 0.034375 0.0375
