0 0.7468750000000001 0.3854166666666667 0.05625 0.07083333333333333
0 0.9304687500000001 0.6625 0.0734375 0.08333333333333333
0 0.971875 0.5854166666666667 0.053125000000000006 0.0875
0 0.978125 0.41875 0.040625 0.1
0 0.8078125 0.6145833333333334 0.0625 0.0625
0 0.79296875 0.54375 0.0578125 0.0625
0 0.8148437500000001 0.37916666666666665 0.0546875 0.07083333333333333
0 0.7507812500000001 0.2947916666666667 0.0546875 0.07291666666666667
0 0.7992187500000001 0.278125 0.051562500000000004 0.06041666666666667
0 0.828125 0.23958333333333334 0.05 0.06666666666666667
0 0.9203125000000001 0.228125 0.065625 0.07291666666666667
0 0.9476562500000001 0.140625 0.060937500000000006 0.07291666666666667
0 0.7375 0.8239583333333333 0.05625 0.06458333333333333
0 0.765625 0.9645833333333333 0.06875 0.06666666666666667
0 0.3828125 0.5927083333333333 0.037500000000000006 0.04791666666666666
0 0.9164062500000001 0.9666666666666667 0.0578125 0.0625
0 0.83203125 0.80625 0.051562500000000004 0.07083333333333333
