0 0.584375 0.3 0.043750000000000004 0.05416666666666667
0 0.5359375000000001 0.3697916666666667 0.037500000000000006 0.052083333333333336
0 0.59765625 0.6541666666666667 0.0484375 0.0625
0 0.5265625 0.5979166666666667 0.037500000000000006 0.058333333333333334
0 0.484375 0.8916666666666666 0.037500000000000006 0.058333333333333334
0 0.08828125 0.7260416666666667 0.0421875 0.052083333333333336
0 0.040625 0.403125 0.037500000000000006 0.052083333333333336
0 0.10234375000000001 0.4510416666666667 0.0328125 0.04375
0 0.39375000000000004 0.4239583333333333 0.03125 0.03958333333333333
0 0.30625 0.390625 0.040625 0.04791666666666666
0 0.3984375 0.2520833333333333 0.034375 0.05416666666666667
0 0.42812500000000003 0.08229166666666667 0.037500000000000006 0.04375
0 0.4078125 0.11770833333333333 0.037500000000000006 0.04375
0 0.55078125 0.190625 0.0390625 0.04375
0 0.8445312500000001 0.3229166666666667 0.035937500000000004 0.05
0 0.8132812500000001 0.09270833333333334 0.060937500000000006 0.08125
0 0.2390625 0.36354166666666665 0.025 0.03958333333333333
0 0.20703125 0.284375 0.026562500000000003 0.03958333333333333
0 0.29609375 0.240625 0.0421875 0.04791666666666666
0 0.21015625000000002 0.46875 0.029687500000000002 0.041666666666666664
0 0.22265625 0.434375 0.029687500000000002 0.03958333333333333
0 0.4390625 0.6447916666666667 0.043750000000000004 0.05625
0 0.971875 0.734375 0.034375 0.04375
0 0.4578125 0.4979166666666667 0.040625 0.05
0 0.5359375000000001 0.4864583333333333 0.034375 0.04791666666666666
0 0.44140625 0.26979166666666665 0.0328125 0.03958333333333333
