0 0.4890625 0.6760416666666667 0.07187500000000001 0.10208333333333333
0 0.58359375 0.6364583333333333 0.0890625 0.11875
0 0.6671875 0.6708333333333333 0.08125 0.11666666666666667
0 0.41328125000000004 0.915625 0.0671875 0.08958333333333333
0 0.509375 0.9260416666666667 0.059375000000000004 0.08125
0 0.6882812500000001 0.9562499999999999 0.07968750000000001 0.08333333333333333
0 0.8125 0.9385416666666666 0.078125 0.09791666666666667
0 0.8359375 0.76875 0.09375 0.12083333333333333
0 0.7484375000000001 0.5229166666666667 0.07500000000000001 0.09166666666666666
0 0.84296875 0.5958333333333333 0.1046875 0.11666666666666667
0 0.9382812500000001 0.41770833333333335 0.060937500000000006 0.07291666666666667
0 0.8828125 0.359375 0.05 0.06458333333333333
0 0.6804687500000001 0.2625 0.07968750000000001 0.10416666666666667
0 0.6351562500000001 0.3229166666666667 0.0578125 0.08333333333333333
0 0.703125 0.31979166666666664 0.059375000000000004 0.06875
0 0.61875 0.42916666666666664 0.06875 0.10416666666666667
0 0.25390625 0.09895833333333333 0.07968750000000001 0.10625
0 0.2625 0.036458333333333336 0.07500000000000001 0.07291666666666667
0 0.90234375 0.07708333333333334 0.0671875 0.09166666666666666
0 0.2109375 0.5104166666666666 0.043750000000000004 0.05416666666666667
0 0.21484375 0.5864583333333333 0.035937500000000004 0.052083333333333336
0 0.45234375000000004 0.8177083333333334 0.0671875 0.08541666666666667
0 0.41171875 0.19583333333333333 0.035937500000000004 0.05416666666666667
0 0.5078125 0.5552083333333333 0.06875 0.08541666666666667
