0 0.6726562500000001 0.5791666666666666 0.0578125 0.06666666666666667
0 0.76875 0.7270833333333333 0.046875 0.06666666666666667
0 0.8289062500000001 0.596875 0.0546875 0.06875
0 0.29296875 0.721875 0.045312500000000006 0.06458333333333333
0 0.21640625000000002 0.65 0.035937500000000004 0.04583333333333333
0 0.18906250000000002 0.7083333333333334 0.043750000000000004 0.05416666666666667
0 0.2484375 0.8145833333333333 0.040625 0.0625
0 0.0140625 0.7541666666666667 0.028125 0.07083333333333333
0 0.022656250000000003 0.5354166666666667 0.045312500000000006 0.07083333333333333
0 0.060937500000000006 0.4302083333333333 0.043750000000000004 0.04791666666666666
0 0.5593750000000001 0.24895833333333334 0.065625 0.07291666666666667
0 0.703125 0.29583333333333334 0.05 0.07083333333333333
0 0.765625 0.33229166666666665 0.05625 0.06458333333333333
0 0.85703125 0.15625 0.045312500000000006 0.05416666666666667
0 0.8328125000000001 0.096875 0.046875 0.05625
0 0.7898437500000001 0.12604166666666666 0.045312500000000006 0.052083333333333336
0 0.70625 0.08333333333333333 0.043750000000000004 0.05416666666666667
0 0.690625 0.13541666666666666 0.040625 0.05416666666666667
0 0.55703125 0.4322916666666667 0.0421875 0.03958333333333333
0 0.571875 0.334375 0.046875 0.04791666666666666
0 0.51328125 0.7104166666666667 0.045312500000000006 0.05416666666666667
0 0.603125 0.5052083333333334 0.043750000000000004 0.04375
0 0.6257812500000001 0.559375 0.0421875 0.04791666666666666
0 0.8140625 0.33229166666666665 0.037500000000000006 0.052083333333333336
0 0.6531250000000001 0.12604166666666666 0.037500000000000006 0.04791666666666666
