0 0.81953125 0.653125 0.0484375 0.06458333333333333
0 0.66015625 0.2708333333333333 0.0421875 0.05416666666666667
0 0.8203125 0.1625 0.037500000000000006 0.05
0 0.8656250000000001 0.26979166666666665 0.037500000000000006 0.052083333333333336
0 0.8953125000000001 0.21562499999999998 0.053125000000000006 0.05625
0 0.96640625 0.12395833333333334 0.045312500000000006 0.052083333333333336
0 0.94140625 0.06458333333333333 0.0390625 0.05
0 0.42500000000000004 0.30104166666666665 0.046875 0.06041666666666667
0 0.31640625 0.31145833333333334 0.035937500000000004 0.052083333333333336
0 0.41953125 0.4302083333333333 0.0234375 0.04791666666666666
0 0.7328125000000001 0.6125 0.037500000000000006 0.05
0 0.703125 0.6010416666666667 0.028125 0.04791666666666666
0 0.62421875 0.3677083333333333 0.0390625 0.052083333333333336
0 0.4234375 0.10416666666666667 0.046875 0.05
0 0.38125000000000003 0.171875 0.043750000000000004 0.052083333333333336
0 0.27968750000000003 0.09791666666666667 0.037500000000000006 0.05
0 0.290625 0.203125 0.037500000000000006 0.04791666666666666
0 0.3984375 0.2552083333333333 0.040625 0.04791666666666666
0 0.35703125 0.24375 0.0328125 0.05
0 0.58046875 0.22604166666666667 0.026562500000000003 0.03958333333333333
0 0.546875 0.026041666666666668 0.021875000000000002 0.027083333333333334
0 0.76875 0.051041666666666666 0.043750000000000004 0.052083333333333336
0 0.82421875 0.5114583333333333 0.035937500000000004 0.04791666666666666
0 0.42031250000000003 0.5427083333333333 0.025 0.035416666666666666
