0 0.5375 0.5270833333333333 0.07187500000000001 0.09166666666666666
0 0.6414062500000001 0.384375 0.06406250000000001 0.08541666666666667
0 0.7640625000000001 0.4270833333333333 0.07187500000000001 0.08333333333333333
0 0.79453125 0.903125 0.0859375 0.12291666666666666
0 0.6546875000000001 0.6572916666666666 0.043750000000000004 0.05625
0 0.71796875 0.6916666666666667 0.051562500000000004 0.05416666666666667
0 0.49531250000000004 0.7385416666666667 0.05625 0.07291666666666667
0 0.53671875 0.6979166666666666 0.0484375 0.075
0 0.57421875 0.740625 0.06406250000000001 0.07708333333333334
0 0.25390625 0.3958333333333333 0.051562500000000004 0.06666666666666667
0 0.10859375 0.21666666666666667 0.0734375 0.0875
0 0.478125 0.27291666666666664 0.07500000000000001 0.09166666666666666
0 0.5437500000000001 0.203125 0.053125000000000006 0.06458333333333333
0 0.58515625 0.17395833333333333 0.035937500000000004 0.052083333333333336
0 0.51171875 0.020833333333333332 0.0546875 0.041666666666666664
