0 0.56875 0.6479166666666667 0.065625 0.0875
0 0.5750000000000001 0.534375 0.040625 0.04375
0 0.56484375 0.31354166666666666 0.0578125 0.06458333333333333
0 0.45390625 0.296875 0.051562500000000004 0.07291666666666667
0 0.39453125 0.178125 0.0421875 0.06041666666666667
0 0.33984375 0.029166666666666667 0.045312500000000006 0.058333333333333334
0 0.371875 0.409375 0.05625 0.07291666666666667
0 0.38671875 0.6052083333333333 0.0421875 0.06041666666666667
0 0.0484375 0.24791666666666667 0.053125000000000006 0.07083333333333333
0 0.18125000000000002 0.3677083333333333 0.053125000000000006 0.05625
0 0.31640625 0.23229166666666667 0.0578125 0.07291666666666667
0 0.953125 0.146875 0.034375 0.03958333333333333
0 0.9773437500000001 0.19479166666666667 0.035937500000000004 0.04375
0 0.9203125000000001 0.18541666666666667 0.03125 0.041666666666666664
0 0.94921875 0.23541666666666666 0.0328125 0.05
