0 0.65234375 0.5229166666666667 0.0703125 0.0875
0 0.7351562500000001 0.5614583333333333 0.060937500000000006 0.07708333333333334
0 0.6804687500000001 0.6822916666666666 0.0765625 0.08958333333333333
0 0.6414062500000001 0.7458333333333333 0.0703125 0.08333333333333333
0 0.17890625000000002 0.8177083333333334 0.1078125 0.12291666666666666
0 0.2609375 0.921875 0.1 0.11041666666666666
0 0.17421875 0.9072916666666666 0.09531250000000001 0.10208333333333333
0 0.29531250000000003 0.8583333333333333 0.096875 0.12083333333333333
0 0.1421875 0.6604166666666667 0.109375 0.14166666666666666
0 0.02890625 0.3854166666666667 0.0578125 0.15
0 0.37734375000000003 0.3614583333333333 0.0578125 0.08125
0 0.63828125 0.25 0.0671875 0.0875
0 0.55234375 0.5729166666666666 0.051562500000000004 0.075
0 0.6015625 0.5489583333333333 0.0625 0.08541666666666667
0 0.54921875 0.28229166666666666 0.051562500000000004 0.06875
0 0.3046875 0.14270833333333333 0.059375000000000004 0.06875
0 0.3796875 0.19583333333333333 0.059375000000000004 0.06666666666666667
0 0.51328125 0.125 0.045312500000000006 0.05416666666666667
0 0.41484375 0.0875 0.051562500000000004 0.06666666666666667
0 0.30312500000000003 0.31666666666666665 0.053125000000000006 0.04583333333333333
