0 0.73359375 0.721875 0.045312500000000006 0.06041666666666667
0 0.7984375 0.7791666666666667 0.046875 0.0625
0 0.8617187500000001 0.8041666666666667 0.0421875 0.06666666666666667
0 0.43515625 0.965625 0.0703125 0.06458333333333333
0 0.68125 0.58125 0.037500000000000006 0.04583333333333333
0 0.659375 0.2552083333333333 0.03125 0.04791666666666666
0 0.40625 0.49583333333333335 0.034375 0.05
0 0.74375 0.8385416666666666 0.05 0.06041666666666667
0 0.9632812500000001 0.928125 0.051562500000000004 0.052083333333333336
0 0.80234375 0.9666666666666667 0.0546875 0.05416666666666667
0 0.60859375 0.8302083333333333 0.035937500000000004 0.04375
0 0.5046875000000001 0.884375 0.0625 0.08541666666666667
0 0.45156250000000003 0.8385416666666666 0.05625 0.07708333333333334
0 0.18828125 0.44479166666666664 0.029687500000000002 0.035416666666666666
0 0.8640625000000001 0.121875 0.059375000000000004 0.06041666666666667
0 0.8757812500000001 0.184375 0.045312500000000006 0.06875
0 0.93671875 0.5958333333333333 0.0421875 0.075
