0 0.2515625 0.22083333333333333 0.09062500000000001 0.1125
0 0.28828125 0.3229166666666667 0.08281250000000001 0.10416666666666667
0 0.290625 0.578125 0.09375 0.12291666666666666
0 0.453125 0.66875 0.10625000000000001 0.12916666666666665
0 0.61640625 0.4979166666666667 0.0703125 0.0875
0 0.971875 0.43333333333333335 0.053125000000000006 0.075
0 0.8296875 0.521875 0.046875 0.06458333333333333
0 0.83515625 0.14375 0.051562500000000004 0.075
0 0.7054687500000001 0.203125 0.060937500000000006 0.08958333333333333
0 0.56171875 0.321875 0.0671875 0.08541666666666667
0 0.5546875 0.24583333333333332 0.053125000000000006 0.06666666666666667
0 0.53828125 0.5229166666666667 0.0671875 0.0875
0 0.51796875 0.5916666666666667 0.0578125 0.08333333333333333
0 0.8734375000000001 0.9604166666666667 0.040625 0.0625
0 0.909375 0.884375 0.053125000000000006 0.06875
0 0.94453125 0.9333333333333333 0.0421875 0.06666666666666667
0 0.58046875 0.43645833333333334 0.0578125 0.07708333333333334
0 0.33359375 0.26145833333333335 0.051562500000000004 0.06875
0 0.27109375 0.090625 0.0421875 0.052083333333333336
0 0.2921875 0.13645833333333332 0.040625 0.052083333333333336
0 0.2109375 0.5614583333333333 0.053125000000000006 0.06875
0 0.8539062500000001 0.30625 0.0546875 0.075
0 0.45859375 0.4739583333333333 0.0203125 0.03125
0 0.46875 0.44687499999999997 0.018750000000000003 0.027083333333333334
0 0.49921875000000004 0.41770833333333335 0.026562500000000003 0.03125
0 0.5125000000000001 0.4479166666666667 0.021875000000000002 0.03333333333333333
0 0.44843750000000004 0.5020833333333333 0.021875000000000002 0.03333333333333333
0 0.47578125000000004 0.503125 0.0234375 0.04375
