0 0.7046875 0.48125 0.037500000000000006 0.058333333333333334
0 0.7718750000000001 0.475 0.037500000000000006 0.058333333333333334
0 0.85546875 0.43854166666666666 0.0484375 0.06041666666666667
0 0.675 0.36041666666666666 0.037500000000000006 0.05416666666666667
0 0.7390625000000001 0.21458333333333332 0.03125 0.05
0 0.7015625000000001 0.84375 0.037500000000000006 0.058333333333333334
0 0.8539062500000001 0.8114583333333333 0.035937500000000004 0.052083333333333336
0 0.8757812500000001 0.8458333333333333 0.035937500000000004 0.05416666666666667
0 0.93125 0.20729166666666665 0.040625 0.06041666666666667
0 0.753125 0.4145833333333333 0.040625 0.04583333333333333
0 0.45546875000000003 0.978125 0.0328125 0.03958333333333333
0 0.41718750000000004 0.9708333333333333 0.03125 0.041666666666666664
