0 0.6585937500000001 0.6916666666666667 0.0578125 0.075
0 0.7156250000000001 0.7635416666666667 0.053125000000000006 0.07708333333333334
0 0.6468750000000001 0.821875 0.059375000000000004 0.07708333333333334
0 0.6039062500000001 0.859375 0.051562500000000004 0.06875
0 0.25859375 0.6927083333333334 0.08281250000000001 0.09791666666666667
0 0.27968750000000003 0.8125 0.08125 0.09583333333333333
0 0.22734375 0.7697916666666667 0.0671875 0.09791666666666667
0 0.14140625 0.8854166666666666 0.09531250000000001 0.10833333333333334
0 0.2234375 0.3052083333333333 0.078125 0.10625
0 0.45390625 0.275 0.0484375 0.058333333333333334
0 0.47187500000000004 0.4552083333333333 0.053125000000000006 0.05625
0 0.62109375 0.471875 0.0390625 0.052083333333333336
0 0.7000000000000001 0.4770833333333333 0.05 0.058333333333333334
0 0.80234375 0.04479166666666667 0.051562500000000004 0.06041666666666667
0 0.4375 0.11666666666666667 0.040625 0.04583333333333333
0 0.041406250000000006 0.096875 0.08281250000000001 0.13541666666666666
0 0.13515625 0.24375 0.0765625 0.09166666666666666
0 0.15000000000000002 0.13020833333333334 0.07187500000000001 0.09375
0 0.6179687500000001 0.6791666666666667 0.045312500000000006 0.06666666666666667
