0 0.74765625 0.9197916666666667 0.0671875 0.09375
0 0.43515625 0.7135416666666666 0.06406250000000001 0.08541666666666667
0 0.6937500000000001 0.65 0.0625 0.09166666666666666
0 0.7875000000000001 0.59375 0.05625 0.0875
0 0.8578125000000001 0.60625 0.0625 0.06666666666666667
0 0.85078125 0.21458333333333332 0.0671875 0.0875
0 0.909375 0.303125 0.059375000000000004 0.06875
0 0.8453125 0.3375 0.059375000000000004 0.08333333333333333
0 0.8 0.35520833333333335 0.059375000000000004 0.08125
0 0.82421875 0.44479166666666664 0.0703125 0.07708333333333334
0 0.49921875000000004 0.20416666666666666 0.0765625 0.10833333333333334
0 0.47109375000000003 0.07291666666666667 0.07968750000000001 0.1125
0 0.26328125 0.08229166666666667 0.1234375 0.16041666666666665
0 0.16484375 0.2791666666666667 0.0859375 0.11666666666666667
0 0.36562500000000003 0.22083333333333333 0.09375 0.125
0 0.15625 0.08229166666666667 0.09062500000000001 0.11458333333333333
0 0.71875 0.4947916666666667 0.0625 0.06875
0 0.6703125000000001 0.5916666666666667 0.053125000000000006 0.0625
