0 0.76171875 0.37083333333333335 0.0921875 0.125
0 0.6609375000000001 0.28229166666666666 0.065625 0.08125
0 0.6781250000000001 0.096875 0.07500000000000001 0.09375
0 0.3953125 0.86875 0.1 0.13333333333333333
0 0.20468750000000002 0.5979166666666667 0.07187500000000001 0.08333333333333333
0 0.26484375 0.6177083333333333 0.0578125 0.06041666666666667
0 0.17265625 0.875 0.0421875 0.05416666666666667
0 0.084375 0.8312499999999999 0.05 0.05416666666666667
0 0.021875000000000002 0.75625 0.043750000000000004 0.11666666666666667
0 0.029687500000000002 0.828125 0.03125 0.05625
0 0.38125000000000003 0.4375 0.037500000000000006 0.05
