0 0.7937500000000001 0.5666666666666667 0.059375000000000004 0.07083333333333333
0 0.9734375000000001 0.6552083333333333 0.05 0.12291666666666666
0 0.86484375 0.38958333333333334 0.06406250000000001 0.075
0 0.97578125 0.10833333333333334 0.045312500000000006 0.09166666666666666
0 0.6984375 0.9208333333333333 0.053125000000000006 0.07083333333333333
0 0.57578125 0.628125 0.035937500000000004 0.04791666666666666
0 0.6937500000000001 0.715625 0.034375 0.04375
0 0.6195312500000001 0.653125 0.029687500000000002 0.03958333333333333
0 0.5859375 0.725 0.025 0.0375
0 0.534375 0.6864583333333333 0.037500000000000006 0.04791666666666666
0 0.51171875 0.7229166666666667 0.029687500000000002 0.0375
0 0.47968750000000004 0.8833333333333333 0.043750000000000004 0.058333333333333334
0 0.17500000000000002 0.965625 0.034375 0.05625
0 0.22265625 0.9614583333333333 0.0421875 0.04375
0 0.0671875 0.69375 0.043750000000000004 0.058333333333333334
0 0.07578125000000001 0.1 0.051562500000000004 0.0625
0 0.46953125 0.7854166666666667 0.035937500000000004 0.05
0 0.025781250000000002 0.328125 0.045312500000000006 0.06458333333333333
