0 0.8125 0.490625 0.07500000000000001 0.08958333333333333
0 0.55625 0.34791666666666665 0.065625 0.1
0 0.83984375 0.303125 0.045312500000000006 0.06041666666666667
0 0.55 0.22916666666666666 0.07500000000000001 0.09166666666666666
0 0.5750000000000001 0.4354166666666667 0.0625 0.08333333333333333
0 0.609375 0.50625 0.046875 0.06666666666666667
0 0.6804687500000001 0.453125 0.051562500000000004 0.07291666666666667
0 0.6312500000000001 0.44479166666666664 0.040625 0.06041666666666667
0 0.48281250000000003 0.7916666666666666 0.05 0.07083333333333333
0 0.43671875000000004 0.7583333333333333 0.045312500000000006 0.05416666666666667
0 0.40156250000000004 0.8270833333333333 0.053125000000000006 0.075
0 0.44296875 0.86875 0.0671875 0.07916666666666666
0 0.40937500000000004 0.9489583333333333 0.059375000000000004 0.09375
0 0.55859375 0.74375 0.0546875 0.07083333333333333
0 0.6484375 0.775 0.059375000000000004 0.075
0 0.59375 0.8479166666666667 0.034375 0.0625
