0 0.58203125 0.5572916666666666 0.0734375 0.09791666666666667
0 0.8367187500000001 0.2947916666666667 0.0671875 0.08541666666666667
0 0.71796875 0.265625 0.0703125 0.08958333333333333
0 0.628125 0.3260416666666667 0.065625 0.08125
0 0.6781250000000001 0.3104166666666667 0.053125000000000006 0.075
0 0.7734375 0.3302083333333333 0.0625 0.08125
0 0.9265625000000001 0.4010416666666667 0.059375000000000004 0.07291666666666667
0 0.9734375000000001 0.5072916666666667 0.05 0.09791666666666667
0 0.9695312500000001 0.5875 0.045312500000000006 0.05
0 0.9343750000000001 0.4947916666666667 0.05 0.06458333333333333
0 0.8226562500000001 0.440625 0.0703125 0.08125
0 0.846875 0.39479166666666665 0.046875 0.052083333333333336
0 0.7234375000000001 0.44687499999999997 0.05625 0.06875
0 0.60703125 0.44166666666666665 0.07968750000000001 0.058333333333333334
0 0.5265625 0.3927083333333333 0.0625 0.08541666666666667
0 0.49921875000000004 0.26666666666666666 0.060937500000000006 0.08333333333333333
0 0.5476562500000001 0.5145833333333333 0.0703125 0.07916666666666666
