0 0.6117187500000001 0.45729166666666665 0.060937500000000006 0.07708333333333334
0 0.78671875 0.378125 0.0921875 0.11875
0 0.9453125 0.4979166666666667 0.10625000000000001 0.1875
0 0.8796875000000001 0.03333333333333333 0.059375000000000004 0.06666666666666667
0 0.23828125 0.9125 0.0546875 0.08333333333333333
0 0.13203125000000002 0.9614583333333333 0.0546875 0.06875
0 0.46796875000000004 0.4510416666666667 0.0421875 0.04791666666666666
0 0.47187500000000004 0.49374999999999997 0.046875 0.041666666666666664
0 0.43046875 0.5125 0.045312500000000006 0.05416666666666667
0 0.43125 0.346875 0.046875 0.05625
0 0.47187500000000004 0.39479166666666665 0.040625 0.04791666666666666
0 0.38906250000000003 0.47604166666666664 0.040625 0.052083333333333336
0 0.38593750000000004 0.4145833333333333 0.040625 0.04583333333333333
0 0.3375 0.3125 0.043750000000000004 0.058333333333333334
0 0.36015625 0.284375 0.0421875 0.04791666666666666
0 0.43125 0.2864583333333333 0.043750000000000004 0.052083333333333336
0 0.47500000000000003 0.31666666666666665 0.040625 0.04583333333333333
0 0.028125 0.33229166666666665 0.037500000000000006 0.04791666666666666
0 0.19296875000000002 0.496875 0.029687500000000002 0.035416666666666666
0 0.225 0.48333333333333334 0.034375 0.0375
0 0.2859375 0.19375 0.03125 0.0375
0 0.253125 0.275 0.034375 0.0375
0 0.31562500000000004 0.21979166666666666 0.028125 0.035416666666666666
0 0.340625 0.9135416666666667 0.043750000000000004 0.052083333333333336
