0 0.8546875 0.6104166666666666 0.096875 0.1125
0 0.6960937500000001 0.42604166666666665 0.07968750000000001 0.10625
0 0.57578125 0.11666666666666667 0.0546875 0.06666666666666667
0 0.70859375 0.2583333333333333 0.0890625 0.10833333333333334
0 0.8445312500000001 0.296875 0.0765625 0.08125
0 0.6375000000000001 0.340625 0.07500000000000001 0.08958333333333333
0 0.80625 0.4822916666666667 0.065625 0.08125
0 0.88203125 0.47812499999999997 0.051562500000000004 0.06875
0 0.73046875 0.546875 0.06406250000000001 0.06041666666666667
0 0.56796875 0.7916666666666666 0.029687500000000002 0.0375
0 0.5593750000000001 0.746875 0.03125 0.03958333333333333
