0 0.49609375 0.8791666666666667 0.0734375 0.10416666666666667
0 0.5906250000000001 0.403125 0.07187500000000001 0.08541666666666667
0 0.6429687500000001 0.278125 0.06406250000000001 0.08541666666666667
0 0.030468750000000003 0.6697916666666667 0.060937500000000006 0.08125
0 0.39375000000000004 0.63125 0.065625 0.09583333333333333
0 0.45625000000000004 0.684375 0.07500000000000001 0.10625
0 0.51484375 0.5645833333333333 0.0546875 0.0625
0 0.56640625 0.041666666666666664 0.060937500000000006 0.08333333333333333
0 0.53359375 0.058333333333333334 0.045312500000000006 0.06666666666666667
0 0.5015625 0.109375 0.046875 0.07291666666666667
