0 0.54453125 0.30833333333333335 0.051562500000000004 0.0625
0 0.7375 0.5916666666666667 0.059375000000000004 0.07083333333333333
0 0.7546875000000001 0.309375 0.05625 0.07291666666666667
0 0.9765625 0.19479166666666667 0.043750000000000004 0.07708333333333334
0 0.92578125 0.15416666666666667 0.0484375 0.07083333333333333
0 0.4578125 0.23541666666666666 0.05 0.07083333333333333
0 0.39765625000000004 0.40208333333333335 0.051562500000000004 0.07083333333333333
0 0.47968750000000004 0.49895833333333334 0.043750000000000004 0.04791666666666666
0 0.55 0.4010416666666667 0.05 0.052083333333333336
0 0.6335937500000001 0.7020833333333333 0.045312500000000006 0.05416666666666667
0 0.7875000000000001 0.7104166666666667 0.05625 0.058333333333333334
0 0.74140625 0.7708333333333334 0.0546875 0.058333333333333334
