0 0.6039062500000001 0.45 0.0703125 0.09583333333333333
0 0.765625 0.5510416666666667 0.065625 0.08958333333333333
0 0.9398437500000001 0.6229166666666667 0.09843750000000001 0.10833333333333334
0 0.9460937500000001 0.51875 0.0890625 0.09583333333333333
0 0.7125 0.7270833333333333 0.065625 0.09583333333333333
0 0.63828125 0.6916666666666667 0.060937500000000006 0.09166666666666666
0 0.5328125 0.625 0.06875 0.0875
0 0.34375 0.4791666666666667 0.0625 0.09166666666666666
0 0.434375 0.265625 0.078125 0.09791666666666667
0 0.18671875000000002 0.328125 0.1015625 0.13125
0 0.28984375 0.10104166666666667 0.07968750000000001 0.10625
