0 0.6898437500000001 0.221875 0.0765625 0.10208333333333333
0 0.69140625 0.11041666666666666 0.0578125 0.07083333333333333
0 0.565625 0.16770833333333332 0.053125000000000006 0.06458333333333333
0 0.76953125 0.2552083333333333 0.0546875 0.07708333333333334
0 0.9164062500000001 0.39791666666666664 0.060937500000000006 0.08333333333333333
0 0.65390625 0.43854166666666666 0.0484375 0.06875
0 0.609375 0.48854166666666665 0.05 0.06875
0 0.9632812500000001 0.575 0.06406250000000001 0.07916666666666666
0 0.5765625 0.765625 0.040625 0.06875
0 0.2390625 0.6197916666666666 0.043750000000000004 0.05625
0 0.40937500000000004 0.98125 0.05625 0.03333333333333333
0 0.8367187500000001 0.9239583333333333 0.0421875 0.06458333333333333
0 0.9765625 0.9239583333333333 0.043750000000000004 0.08125
0 0.79296875 0.6864583333333333 0.029687500000000002 0.052083333333333336
0 0.703125 0.7333333333333333 0.040625 0.05416666666666667
