0 0.6195312500000001 0.5572916666666666 0.0734375 0.08958333333333333
0 0.6687500000000001 0.24270833333333333 0.084375 0.10208333333333333
0 0.80859375 0.2875 0.09531250000000001 0.1125
0 0.9242187500000001 0.17916666666666667 0.0921875 0.10416666666666667
0 0.81796875 0.4864583333333333 0.06406250000000001 0.08541666666666667
0 0.6046875 0.434375 0.06875 0.08541666666666667
0 0.33046875000000003 0.459375 0.0546875 0.06875
0 0.27578125000000003 0.5041666666666667 0.0546875 0.06666666666666667
0 0.33671875 0.5604166666666667 0.0546875 0.058333333333333334
0 0.30625 0.6041666666666666 0.053125000000000006 0.05416666666666667
0 0.37578125 0.734375 0.051562500000000004 0.06875
0 0.39765625000000004 0.6145833333333334 0.0421875 0.05
0 0.5578125 0.6208333333333333 0.05625 0.08333333333333333
0 0.6179687500000001 0.6822916666666666 0.0421875 0.04791666666666666
0 0.44609375 0.8395833333333333 0.0484375 0.05416666666666667
0 0.51328125 0.915625 0.0234375 0.035416666666666666
0 0.4078125 0.9166666666666666 0.05 0.04583333333333333
0 0.3203125 0.8624999999999999 0.040625 0.05416666666666667
0 0.02890625 0.440625 0.0578125 0.07708333333333334
0 0.16718750000000002 0.11875 0.0625 0.09166666666666666
0 0.3453125 0.075 0.043750000000000004 0.0625
0 0.04296875 0.6385416666666667 0.051562500000000004 0.07708333333333334
0 0.08984375 0.7104166666666667 0.0390625 0.05
0 0.6882812500000001 0.5354166666666667 0.0546875 0.0625
