0 0.634375 0.5416666666666666 0.05625 0.07083333333333333
0 0.80390625 0.5072916666666667 0.060937500000000006 0.08125
0 0.5140625 0.7416666666666667 0.053125000000000006 0.0625
0 0.55234375 0.7979166666666666 0.0546875 0.05416666666666667
0 0.8984375 0.671875 0.040625 0.06041666666666667
0 0.7054687500000001 0.615625 0.0546875 0.06041666666666667
0 0.63203125 0.6291666666666667 0.0546875 0.06666666666666667
0 0.46718750000000003 0.6322916666666667 0.053125000000000006 0.06458333333333333
0 0.3515625 0.5697916666666667 0.05625 0.05625
0 0.15078125 0.6770833333333334 0.07968750000000001 0.09166666666666666
0 0.8914062500000001 0.465625 0.0390625 0.052083333333333336
