0 0.29765625 0.12395833333333334 0.0421875 0.05625
0 0.6312500000000001 0.029166666666666667 0.046875 0.058333333333333334
0 0.49140625000000004 0.5458333333333333 0.06406250000000001 0.0875
0 0.5109375 0.6510416666666666 0.065625 0.09375
0 0.53828125 0.740625 0.0765625 0.10625
0 0.54140625 0.9166666666666666 0.060937500000000006 0.09583333333333333
0 0.54609375 0.43333333333333335 0.0484375 0.058333333333333334
0 0.5609375 0.390625 0.043750000000000004 0.05625
0 0.81796875 0.19479166666666667 0.0859375 0.11875
0 0.8562500000000001 0.06875 0.09375 0.11666666666666667
0 0.5515625000000001 0.5666666666666667 0.065625 0.0875
0 0.1625 0.7583333333333333 0.053125000000000006 0.075
0 0.2171875 0.9072916666666666 0.053125000000000006 0.07708333333333334
0 0.16171875000000002 0.6895833333333333 0.045312500000000006 0.04583333333333333
