0 0.83125 0.4083333333333333 0.05 0.07083333333333333
0 0.88671875 0.31354166666666666 0.0703125 0.09375
0 0.9328125 0.403125 0.059375000000000004 0.08541666666666667
0 0.6742187500000001 0.28541666666666665 0.0578125 0.07916666666666666
0 0.434375 0.475 0.040625 0.05
0 0.234375 0.5135416666666667 0.040625 0.052083333333333336
0 0.40625 0.66875 0.043750000000000004 0.04583333333333333
0 0.6921875000000001 0.6541666666666667 0.03125 0.041666666666666664
0 0.66328125 0.5822916666666667 0.035937500000000004 0.052083333333333336
0 0.7406250000000001 0.46249999999999997 0.05625 0.09583333333333333
