0 0.014843750000000001 0.5614583333333333 0.029687500000000002 0.03958333333333333
0 0.115625 0.434375 0.028125 0.035416666666666666
0 0.14609375 0.4510416666666667 0.0203125 0.027083333333333334
0 0.1390625 0.5135416666666667 0.025 0.03125
0 0.16718750000000002 0.5 0.028125 0.029166666666666667
0 0.17265625 0.5354166666666667 0.0328125 0.029166666666666667
0 0.21328125 0.5677083333333334 0.026562500000000003 0.035416666666666666
0 0.23671875 0.6052083333333333 0.0234375 0.027083333333333334
0 0.28671875 0.22083333333333333 0.026562500000000003 0.0375
0 0.28046875 0.11145833333333333 0.029687500000000002 0.03958333333333333
0 0.36953125000000003 0.19791666666666666 0.029687500000000002 0.0375
0 0.38593750000000004 0.16979166666666667 0.028125 0.03958333333333333
0 0.38593750000000004 0.24479166666666666 0.025 0.035416666666666666
0 0.453125 0.26979166666666665 0.025 0.035416666666666666
0 0.6046875 0.146875 0.028125 0.035416666666666666
0 0.5515625000000001 0.296875 0.021875000000000002 0.027083333333333334
0 0.6804687500000001 0.3177083333333333 0.0234375 0.027083333333333334
0 0.675 0.34479166666666666 0.021875000000000002 0.027083333333333334
0 0.64453125 0.33958333333333335 0.0171875 0.025
0 0.65546875 0.3364583333333333 0.0171875 0.027083333333333334
0 0.515625 0.12916666666666665 0.021875000000000002 0.029166666666666667
0 0.56015625 0.12604166666666666 0.0234375 0.03125
