0 0.60546875 0.41354166666666664 0.0921875 0.12291666666666666
0 0.72578125 0.38645833333333335 0.09531250000000001 0.12291666666666666
0 0.73359375 0.559375 0.0671875 0.08958333333333333
0 0.8367187500000001 0.85 0.1078125 0.1375
0 0.46171875 0.8739583333333333 0.1046875 0.12291666666666666
0 0.5734375 0.671875 0.059375000000000004 0.09375
0 0.5953125 0.5697916666666667 0.08125 0.08958333333333333
0 0.6804687500000001 0.07395833333333333 0.0578125 0.08125
0 0.15937500000000002 0.8270833333333333 0.05625 0.06666666666666667
0 0.15625 0.9083333333333333 0.059375000000000004 0.07083333333333333
