0 0.7117187500000001 0.30625 0.0484375 0.058333333333333334
0 0.67109375 0.3375 0.0390625 0.05416666666666667
0 0.7132812500000001 0.36354166666666665 0.0484375 0.05625
0 0.69921875 0.42291666666666666 0.0390625 0.05416666666666667
0 0.7351562500000001 0.428125 0.026562500000000003 0.04791666666666666
0 0.65625 0.5447916666666667 0.10312500000000001 0.12708333333333333
0 0.53671875 0.16354166666666667 0.11406250000000001 0.15208333333333332
0 0.45 0.5364583333333334 0.07187500000000001 0.08958333333333333
0 0.40156250000000004 0.46249999999999997 0.046875 0.058333333333333334
0 0.39687500000000003 0.528125 0.043750000000000004 0.06875
0 0.40156250000000004 0.071875 0.096875 0.11458333333333333
0 0.34765625 0.18229166666666666 0.0671875 0.09375
0 0.3171875 0.3177083333333333 0.05 0.06458333333333333
0 0.5046875000000001 0.46770833333333334 0.084375 0.06041666666666667
0 0.7914062500000001 0.6125 0.026562500000000003 0.03333333333333333
0 0.78125 0.371875 0.025 0.03125
0 0.81171875 0.3677083333333333 0.0234375 0.03125
