0 0.57265625 0.596875 0.09531250000000001 0.12708333333333333
0 0.6570312500000001 0.8927083333333333 0.0921875 0.13125
0 0.52578125 0.7875 0.0671875 0.0875
0 0.45625000000000004 0.8416666666666667 0.0625 0.07083333333333333
0 0.3453125 0.8197916666666667 0.05625 0.07708333333333334
0 0.24453125 0.4875 0.045312500000000006 0.0625
0 0.35390625000000003 0.4270833333333333 0.06406250000000001 0.07916666666666666
0 0.08125 0.871875 0.1 0.11875
0 0.39375000000000004 0.5958333333333333 0.05 0.07083333333333333
0 0.6804687500000001 0.5552083333333333 0.045312500000000006 0.04791666666666666
