0 0.546875 0.8166666666666667 0.140625 0.17916666666666667
0 0.7250000000000001 0.6760416666666667 0.05625 0.07291666666666667
0 0.40859375000000003 0.63125 0.1015625 0.12916666666666665
0 0.38828125 0.8156249999999999 0.09531250000000001 0.12708333333333333
0 0.3453125 0.8958333333333334 0.07187500000000001 0.1
0 0.39765625000000004 0.8979166666666667 0.0390625 0.03333333333333333
0 0.4609375 0.8760416666666666 0.07500000000000001 0.10208333333333333
0 0.6312500000000001 0.21770833333333334 0.07500000000000001 0.10625
0 0.68515625 0.09583333333333333 0.0921875 0.10416666666666667
0 0.5828125000000001 0.16875 0.05625 0.075
0 0.5750000000000001 0.23645833333333333 0.043750000000000004 0.06458333333333333
