0 0.6953125 0.47812499999999997 0.09062500000000001 0.13125
0 0.7992187500000001 0.5572916666666666 0.1015625 0.15208333333333332
0 0.54140625 0.43854166666666666 0.0484375 0.06458333333333333
0 0.51484375 0.49895833333333334 0.051562500000000004 0.06458333333333333
0 0.6937500000000001 0.07708333333333334 0.08125 0.09583333333333333
0 0.815625 0.15833333333333333 0.084375 0.12916666666666665
0 0.31093750000000003 0.14895833333333333 0.08125 0.10208333333333333
0 0.3640625 0.13645833333333332 0.059375000000000004 0.10625
0 0.37343750000000003 0.07395833333333333 0.043750000000000004 0.052083333333333336
0 0.045312500000000006 0.2916666666666667 0.0625 0.08333333333333333
0 0.0390625 0.3677083333333333 0.05 0.07291666666666667
0 0.09531250000000001 0.275 0.034375 0.07083333333333333
0 0.19843750000000002 0.3458333333333333 0.05625 0.06666666666666667
0 0.23515625 0.2739583333333333 0.060937500000000006 0.05625
0 0.30390625000000004 0.6135416666666667 0.06406250000000001 0.09375
0 0.44062500000000004 0.334375 0.05 0.052083333333333336
0 0.1046875 0.6729166666666666 0.034375 0.04583333333333333
0 0.0703125 0.6885416666666666 0.025 0.04375
