0 0.6953125 0.4770833333333333 0.17500000000000002 0.24166666666666667
0 0.7953125000000001 0.9572916666666667 0.10312500000000001 0.08125
0 0.32343750000000004 0.7145833333333333 0.109375 0.125
0 0.3296875 0.5583333333333333 0.1 0.12916666666666665
0 0.043750000000000004 0.8937499999999999 0.08750000000000001 0.17916666666666667
0 0.08671875000000001 0.775 0.0703125 0.1
0 0.059375000000000004 0.690625 0.05625 0.08958333333333333
0 0.33984375 0.09791666666666667 0.07968750000000001 0.10416666666666667
0 0.5765625 0.28020833333333334 0.046875 0.07708333333333334
0 0.59296875 0.37395833333333334 0.0671875 0.07708333333333334
0 0.24921875000000002 0.4 0.0484375 0.058333333333333334
0 0.2984375 0.26458333333333334 0.043750000000000004 0.0625
0 0.30625 0.4552083333333333 0.05625 0.06458333333333333
0 0.43593750000000003 0.709375 0.040625 0.04791666666666666
0 0.49531250000000004 0.07708333333333334 0.209375 0.15416666666666667
0 0.33671875 0.3145833333333333 0.0390625 0.05
