0 0.9085937500000001 0.9406249999999999 0.07968750000000001 0.10625
0 0.7359375 0.9572916666666667 0.05 0.05625
0 0.6429687500000001 0.8791666666666667 0.0484375 0.0625
0 0.6734375 0.8572916666666667 0.043750000000000004 0.05625
0 0.671875 0.9104166666666667 0.034375 0.04583333333333333
0 0.5015625 0.9333333333333333 0.034375 0.05
0 0.11484375000000001 0.8614583333333333 0.0328125 0.04375
0 0.034375 0.9166666666666666 0.037500000000000006 0.041666666666666664
0 0.41640625000000003 0.6572916666666666 0.026562500000000003 0.03125
0 0.47890625000000003 0.725 0.026562500000000003 0.03333333333333333
0 0.48515625 0.7010416666666667 0.0203125 0.03125
0 0.057031250000000006 0.9822916666666667 0.0390625 0.03125
