0 0.45937500000000003 0.31354166666666666 0.10312500000000001 0.14791666666666667
0 0.5890625 0.45625 0.08125 0.10416666666666667
0 0.55703125 0.6697916666666667 0.0890625 0.11458333333333333
0 0.49453125000000003 0.7666666666666666 0.08281250000000001 0.1125
0 0.42265625 0.7572916666666667 0.0765625 0.11458333333333333
0 0.037500000000000006 0.7333333333333333 0.06875 0.1125
0 0.07578125000000001 0.671875 0.060937500000000006 0.08125
0 0.11093750000000001 0.7729166666666667 0.0625 0.09166666666666666
0 0.037500000000000006 0.590625 0.07500000000000001 0.11875
0 0.06640625 0.5385416666666667 0.06406250000000001 0.08541666666666667
0 0.022656250000000003 0.428125 0.045312500000000006 0.11041666666666666
0 0.27265625 0.259375 0.060937500000000006 0.07708333333333334
0 0.8132812500000001 0.9520833333333333 0.1609375 0.09166666666666666
0 0.51328125 0.25104166666666666 0.0890625 0.11458333333333333
0 0.50234375 0.37083333333333335 0.08281250000000001 0.1125
