0 0.7359375 0.778125 0.09062500000000001 0.12291666666666666
0 0.6421875 0.7708333333333334 0.1 0.11666666666666667
0 0.659375 0.575 0.084375 0.11666666666666667
0 0.50234375 0.5927083333333333 0.06406250000000001 0.09375
0 0.453125 0.6697916666666667 0.059375000000000004 0.08125
0 0.5015625 0.734375 0.0625 0.08125
0 0.44375000000000003 0.7489583333333333 0.0625 0.07708333333333334
0 0.46406250000000004 0.84375 0.0625 0.08333333333333333
0 0.27890625 0.8739583333333333 0.0484375 0.07291666666666667
0 0.10234375000000001 0.8979166666666667 0.0484375 0.058333333333333334
0 0.1421875 0.9333333333333333 0.046875 0.06666666666666667
0 0.3484375 0.7864583333333334 0.03125 0.05625
0 0.76953125 0.22291666666666665 0.0703125 0.10833333333333334
0 0.8773437500000001 0.153125 0.0859375 0.11458333333333333
0 0.90390625 0.07083333333333333 0.09843750000000001 0.1125
0 0.47968750000000004 0.184375 0.07500000000000001 0.09375
0 0.56171875 0.15 0.060937500000000006 0.09583333333333333
0 0.628125 0.18020833333333333 0.053125000000000006 0.06458333333333333
0 0.41718750000000004 0.5604166666666667 0.046875 0.058333333333333334
0 0.40625 0.5145833333333333 0.040625 0.04583333333333333
0 0.38203125000000004 0.4927083333333333 0.0484375 0.06458333333333333
0 0.34218750000000003 0.590625 0.043750000000000004 0.06458333333333333
0 0.12890625 0.7635416666666667 0.045312500000000006 0.06041666666666667
0 0.06328125 0.6145833333333334 0.0328125 0.05
0 0.057031250000000006 0.4947916666666667 0.035937500000000004 0.052083333333333336
0 0.039843750000000004 0.340625 0.045312500000000006 0.06041666666666667
0 0.5906250000000001 0.5697916666666667 0.05 0.06875
0 0.5632812500000001 0.6916666666666667 0.0546875 0.07083333333333333
0 0.5421875 0.621875 0.043750000000000004 0.07291666666666667
0 0.59921875 0.6385416666666667 0.051562500000000004 0.06458333333333333
0 0.77890625 0.6572916666666666 0.0671875 0.09791666666666667
0 0.08828125 0.7989583333333333 0.0484375 0.06458333333333333
0 0.31640625 0.340625 0.029687500000000002 0.04375
0 0.34765625 0.34791666666666665 0.0328125 0.04583333333333333
