0 0.6453125000000001 0.5802083333333333 0.078125 0.10208333333333333
0 0.7117187500000001 0.5260416666666666 0.0671875 0.09791666666666667
0 0.74921875 0.4770833333333333 0.060937500000000006 0.07083333333333333
0 0.7765625 0.6 0.07187500000000001 0.0875
0 0.7156250000000001 0.38645833333333335 0.07500000000000001 0.11458333333333333
0 0.671875 0.43124999999999997 0.07187500000000001 0.07916666666666666
0 0.703125 0.23541666666666666 0.078125 0.09583333333333333
0 0.7523437500000001 0.3489583333333333 0.0671875 0.08125
0 0.6625000000000001 0.4791666666666667 0.0625 0.0625
0 0.15390625000000002 0.6729166666666666 0.18906250000000002 0.2
0 0.03515625 0.18645833333333334 0.0578125 0.06875
