0 0.946875 0.8927083333333333 0.10312500000000001 0.21041666666666667
0 0.815625 0.6479166666666667 0.1125 0.12083333333333333
0 0.5398437500000001 0.7114583333333333 0.0921875 0.10625
0 0.5085937500000001 0.5739583333333333 0.0890625 0.11875
0 0.9640625 0.075 0.06875 0.10833333333333334
0 0.81796875 0.10625 0.0421875 0.05
0 0.9632812500000001 0.49374999999999997 0.0703125 0.09583333333333333
0 0.9031250000000001 0.4875 0.06875 0.0875
0 0.7578125 0.50625 0.09062500000000001 0.1375
0 0.42265625 0.4979166666666667 0.0390625 0.05
0 0.4453125 0.471875 0.034375 0.03958333333333333
0 0.453125 0.5197916666666667 0.03125 0.03958333333333333
0 0.384375 0.7510416666666666 0.040625 0.052083333333333336
0 0.9609375 0.6802083333333333 0.07500000000000001 0.17708333333333334
