0 0.51328125 0.6260416666666666 0.0859375 0.11458333333333333
0 0.58125 0.8114583333333333 0.084375 0.10625
0 0.496875 0.8072916666666666 0.09062500000000001 0.10625
0 0.6492187500000001 0.7177083333333333 0.08281250000000001 0.12708333333333333
0 0.9328125 0.5291666666666667 0.09062500000000001 0.11666666666666667
0 0.8500000000000001 0.20625 0.1 0.13333333333333333
0 0.37890625 0.24687499999999998 0.06406250000000001 0.08541666666666667
0 0.46640625 0.10833333333333334 0.0734375 0.09583333333333333
0 0.45390625 0.21770833333333334 0.06406250000000001 0.08958333333333333
0 0.6171875 0.3052083333333333 0.07500000000000001 0.10208333333333333
0 0.7484375000000001 0.140625 0.09062500000000001 0.13541666666666666
0 0.728125 0.23020833333333332 0.07187500000000001 0.10208333333333333
0 0.35234375 0.875 0.06406250000000001 0.08333333333333333
0 0.39375000000000004 0.7708333333333334 0.0625 0.08333333333333333
0 0.39687500000000003 0.63125 0.059375000000000004 0.08333333333333333
0 0.34765625 0.709375 0.0578125 0.07291666666666667
0 0.33984375 0.7864583333333334 0.0546875 0.07708333333333334
0 0.1921875 0.9072916666666666 0.05625 0.07291666666666667
0 0.0625 0.7979166666666666 0.040625 0.0625
0 0.26406250000000003 0.6302083333333334 0.046875 0.06458333333333333
0 0.30312500000000003 0.5375 0.046875 0.07083333333333333
0 0.3296875 0.559375 0.05 0.04791666666666666
0 0.33125000000000004 0.6072916666666667 0.037500000000000006 0.07291666666666667
0 0.86875 0.6145833333333334 0.08125 0.11666666666666667
0 0.028125 0.928125 0.05 0.07291666666666667
0 0.06875 0.9604166666666667 0.05625 0.07083333333333333
0 0.2578125 0.38229166666666664 0.028125 0.04375
0 0.037500000000000006 0.484375 0.037500000000000006 0.04375
0 0.01015625 0.6479166666666667 0.0203125 0.05
0 0.7976562500000001 0.8197916666666667 0.1015625 0.16041666666666665
