0 0.48203125 0.5739583333333333 0.0546875 0.06875
0 0.36484375 0.603125 0.051562500000000004 0.06875
0 0.3046875 0.4875 0.043750000000000004 0.05416666666666667
0 0.25 0.44375 0.046875 0.058333333333333334
0 0.30390625000000004 0.3677083333333333 0.0421875 0.06458333333333333
0 0.43671875000000004 0.36666666666666664 0.051562500000000004 0.05416666666666667
0 0.43515625 0.32916666666666666 0.035937500000000004 0.041666666666666664
0 0.4078125 0.2625 0.046875 0.06666666666666667
0 0.35703125 0.17916666666666667 0.0484375 0.0625
0 0.4421875 0.628125 0.05 0.07291666666666667
0 0.478125 0.6729166666666666 0.046875 0.058333333333333334
0 0.18203125 0.7822916666666666 0.0328125 0.052083333333333336
0 0.22890625 0.7458333333333333 0.0328125 0.04583333333333333
0 0.21875 0.790625 0.037500000000000006 0.052083333333333336
0 0.5789062500000001 0.11354166666666667 0.0546875 0.08541666666666667
0 0.3328125 0.08854166666666667 0.053125000000000006 0.06875
0 0.21250000000000002 0.05520833333333333 0.053125000000000006 0.06458333333333333
0 0.21328125 0.146875 0.051562500000000004 0.06875
0 0.49921875000000004 0.12604166666666666 0.045312500000000006 0.06458333333333333
0 0.5859375 0.19270833333333334 0.040625 0.05625
0 0.5359375000000001 0.325 0.046875 0.058333333333333334
0 0.57265625 0.5052083333333334 0.045312500000000006 0.06041666666666667
0 0.26875 0.8416666666666667 0.03125 0.041666666666666664
0 0.29609375 0.8489583333333334 0.029687500000000002 0.03958333333333333
0 0.37265625 0.9166666666666666 0.035937500000000004 0.04583333333333333
0 0.5578125 0.9166666666666666 0.043750000000000004 0.058333333333333334
0 0.6960937500000001 0.578125 0.0328125 0.052083333333333336
0 0.85703125 0.3208333333333333 0.060937500000000006 0.07916666666666666
0 0.7046875 0.19583333333333333 0.034375 0.058333333333333334
