0 0.59609375 0.6302083333333334 0.0578125 0.07291666666666667
0 0.69921875 0.64375 0.0734375 0.1
0 0.71484375 0.7239583333333334 0.051562500000000004 0.08125
0 0.8914062500000001 0.49374999999999997 0.07968750000000001 0.1
0 0.9671875000000001 0.5208333333333334 0.0625 0.12083333333333333
0 0.921875 0.41875 0.078125 0.09166666666666666
0 0.78671875 0.40520833333333334 0.0703125 0.07708333333333334
0 0.77265625 0.46041666666666664 0.0765625 0.075
0 0.7046875 0.3177083333333333 0.05 0.06458333333333333
0 0.6507812500000001 0.9 0.060937500000000006 0.0875
0 0.5234375 0.9572916666666667 0.0625 0.08125
0 0.52578125 0.8927083333333333 0.0578125 0.07291666666666667
0 0.48281250000000003 0.7958333333333333 0.053125000000000006 0.08333333333333333
0 0.43359375 0.8083333333333333 0.0484375 0.07916666666666666
0 0.41875 0.6958333333333333 0.053125000000000006 0.07083333333333333
0 0.3921875 0.5989583333333334 0.0625 0.08541666666666667
0 0.2515625 0.5427083333333333 0.0625 0.07291666666666667
0 0.25078125 0.43333333333333335 0.0484375 0.07083333333333333
0 0.35390625000000003 0.9229166666666666 0.045312500000000006 0.09166666666666666
0 0.29296875 0.965625 0.06406250000000001 0.06458333333333333
0 0.246875 0.6583333333333333 0.05 0.075
0 0.6492187500000001 0.528125 0.051562500000000004 0.07291666666666667
0 0.8539062500000001 0.5854166666666667 0.06406250000000001 0.09166666666666666
0 0.23515625 0.16041666666666665 0.0390625 0.05416666666666667
0 0.26484375 0.259375 0.0578125 0.07291666666666667
0 0.29375 0.20833333333333334 0.05625 0.0625
0 0.29531250000000003 0.04791666666666666 0.043750000000000004 0.058333333333333334
0 0.3359375 0.04583333333333333 0.046875 0.07083333333333333
0 0.52734375 0.39166666666666666 0.0671875 0.0875
