0 0.78671875 0.8645833333333334 0.0546875 0.075
0 0.71640625 0.7729166666666667 0.0578125 0.08333333333333333
0 0.81953125 0.728125 0.0578125 0.07291666666666667
0 0.796875 0.7697916666666667 0.05 0.06458333333333333
0 0.92109375 0.6458333333333334 0.0578125 0.075
0 0.978125 0.6458333333333334 0.040625 0.10416666666666667
0 0.9343750000000001 0.5197916666666667 0.065625 0.07291666666666667
0 0.925 0.40625 0.08125 0.07916666666666666
0 0.7515625 0.3229166666666667 0.05625 0.07916666666666666
0 0.77109375 0.20833333333333334 0.060937500000000006 0.08333333333333333
0 0.79296875 0.027083333333333334 0.0578125 0.05416666666666667
0 0.7390625000000001 0.434375 0.059375000000000004 0.08125
