0 0.80625 0.8468749999999999 0.065625 0.08125
0 0.81640625 0.9552083333333333 0.060937500000000006 0.06875
0 0.96875 0.6854166666666667 0.059375000000000004 0.09166666666666666
0 0.6546875000000001 0.7479166666666667 0.05625 0.07083333333333333
0 0.64453125 0.8541666666666666 0.0578125 0.07083333333333333
0 0.6414062500000001 0.37083333333333335 0.0390625 0.05416666666666667
0 0.6882812500000001 0.4791666666666667 0.051562500000000004 0.0625
0 0.66953125 0.6458333333333334 0.0546875 0.07083333333333333
0 0.7125 0.43854166666666666 0.046875 0.06041666666666667
0 0.74609375 0.29791666666666666 0.045312500000000006 0.05
0 0.82578125 0.365625 0.0484375 0.06875
0 0.75546875 0.375 0.0484375 0.05416666666666667
0 0.78515625 0.42604166666666665 0.0484375 0.052083333333333336
