0 0.6203125 0.49583333333333335 0.09375 0.125
0 0.5484375 0.5666666666666667 0.084375 0.1125
0 0.5906250000000001 0.6333333333333333 0.07500000000000001 0.1
0 0.5984375000000001 0.7416666666666667 0.0625 0.1
0 0.41953125 0.5 0.06406250000000001 0.11666666666666667
0 0.34375 0.3020833333333333 0.0625 0.07916666666666666
0 0.2671875 0.225 0.06875 0.1
0 0.35078125000000004 0.11458333333333333 0.0703125 0.09583333333333333
0 0.5640625 0.13333333333333333 0.084375 0.10833333333333334
0 0.5632812500000001 0.07291666666666667 0.060937500000000006 0.07916666666666666
0 0.7328125000000001 0.078125 0.06875 0.09791666666666667
0 0.7703125000000001 0.3885416666666667 0.078125 0.10208333333333333
0 0.8984375 0.39479166666666665 0.084375 0.08958333333333333
0 0.5085937500000001 0.41041666666666665 0.0671875 0.09583333333333333
0 0.34921875 0.35 0.0578125 0.05416666666666667
0 0.234375 0.63125 0.040625 0.058333333333333334
0 0.29296875 0.73125 0.035937500000000004 0.05
0 0.18203125 0.6572916666666666 0.045312500000000006 0.05625
0 0.22187500000000002 0.66875 0.040625 0.05416666666666667
0 0.353125 0.19479166666666667 0.059375000000000004 0.07291666666666667
0 0.27109375 0.2989583333333333 0.045312500000000006 0.04791666666666666
