0 0.6804687500000001 0.42604166666666665 0.0578125 0.07291666666666667
0 0.703125 0.34270833333333334 0.05 0.06458333333333333
0 0.81796875 0.35625 0.0484375 0.06666666666666667
0 0.8757812500000001 0.42604166666666665 0.0421875 0.06458333333333333
0 0.8679687500000001 0.6270833333333333 0.0765625 0.1125
0 0.21328125 0.853125 0.1171875 0.16875
0 0.66953125 0.7135416666666666 0.0765625 0.08125
0 0.753125 0.8770833333333333 0.059375000000000004 0.0625
0 0.034375 0.7104166666666667 0.06875 0.15833333333333333
0 0.01953125 0.5854166666666667 0.0390625 0.1125
0 0.978125 0.2833333333333333 0.040625 0.05416666666666667
0 0.6687500000000001 0.5 0.053125000000000006 0.058333333333333334
0 0.7703125000000001 0.0375 0.040625 0.058333333333333334
