0 0.52578125 0.6052083333333333 0.1390625 0.19791666666666666
0 0.5554687500000001 0.8895833333333333 0.1234375 0.17916666666666667
0 0.76171875 0.196875 0.11406250000000001 0.13541666666666666
0 0.84375 0.45416666666666666 0.10312500000000001 0.14583333333333334
0 0.275 0.36666666666666664 0.08125 0.1125
0 0.36015625 0.565625 0.0671875 0.09375
0 0.3203125 0.7145833333333333 0.065625 0.09166666666666666
0 0.13203125000000002 0.4875 0.045312500000000006 0.0625
0 0.065625 0.28020833333333334 0.07500000000000001 0.08958333333333333
0 0.2765625 0.09479166666666666 0.07187500000000001 0.10208333333333333
0 0.40156250000000004 0.1 0.0625 0.09583333333333333
0 0.5625 0.10208333333333333 0.07500000000000001 0.1
0 0.6570312500000001 0.10416666666666667 0.0890625 0.12083333333333333
