0 0.70859375 0.42916666666666664 0.035937500000000004 0.041666666666666664
0 0.909375 0.6583333333333333 0.028125 0.0375
0 0.828125 0.6875 0.03125 0.041666666666666664
0 0.8914062500000001 0.7020833333333333 0.0328125 0.0375
0 0.88828125 0.759375 0.0328125 0.03958333333333333
0 0.8914062500000001 0.8010416666666667 0.026562500000000003 0.03125
0 0.7312500000000001 0.80625 0.034375 0.041666666666666664
0 0.7312500000000001 0.8697916666666666 0.03125 0.04375
0 0.66953125 0.9510416666666667 0.026562500000000003 0.03958333333333333
0 0.640625 0.9614583333333333 0.03125 0.04375
0 0.634375 0.7885416666666667 0.025 0.035416666666666666
0 0.62421875 0.7625 0.029687500000000002 0.03333333333333333
0 0.6546875000000001 0.5572916666666666 0.028125 0.03958333333333333
0 0.6328125 0.7072916666666667 0.028125 0.04375
0 0.5484375 0.5270833333333333 0.025 0.03333333333333333
0 0.75390625 0.640625 0.029687500000000002 0.03958333333333333
0 0.7507812500000001 0.5625 0.026562500000000003 0.0375
0 0.7992187500000001 0.5302083333333333 0.0203125 0.03125
0 0.828125 0.5364583333333334 0.025 0.035416666666666666
0 0.7507812500000001 0.39166666666666666 0.026562500000000003 0.0375
0 0.75703125 0.3052083333333333 0.0328125 0.04375
0 0.6687500000000001 0.3208333333333333 0.03125 0.041666666666666664
0 0.6890625 0.36875 0.034375 0.041666666666666664
0 0.6515625 0.5020833333333333 0.03125 0.041666666666666664
0 0.628125 0.5895833333333333 0.028125 0.03333333333333333
0 0.7757812500000001 0.4895833333333333 0.029687500000000002 0.0375
0 0.8265625000000001 0.4041666666666667 0.028125 0.041666666666666664
0 0.6257812500000001 0.4166666666666667 0.029687500000000002 0.0375
0 0.65390625 0.4458333333333333 0.029687500000000002 0.041666666666666664
0 0.62109375 0.24166666666666667 0.0328125 0.041666666666666664
0 0.578125 0.9791666666666666 0.028125 0.0375
0 0.5085937500000001 0.9270833333333334 0.029687500000000002 0.0375
0 0.53828125 0.8427083333333333 0.0203125 0.027083333333333334
0 0.58359375 0.921875 0.0234375 0.035416666666666666
0 0.62265625 0.6302083333333334 0.0234375 0.03125
0 0.7992187500000001 0.8020833333333334 0.026562500000000003 0.0375
0 0.9078125 0.625 0.03125 0.03333333333333333
0 0.56875 0.27291666666666664 0.028125 0.03333333333333333
0 0.5632812500000001 0.23124999999999998 0.0203125 0.0375
0 0.5796875 0.23229166666666667 0.021875000000000002 0.03125
0 0.5734375 0.13541666666666666 0.028125 0.03333333333333333
0 0.57734375 0.17395833333333333 0.0234375 0.03125
0 0.6046875 0.13541666666666666 0.028125 0.0375
0 0.6062500000000001 0.18958333333333333 0.025 0.029166666666666667
0 0.6546875000000001 0.18125 0.034375 0.04583333333333333
0 0.83125 0.346875 0.034375 0.04375
0 0.515625 0.36875 0.025 0.041666666666666664
0 0.5609375 0.4114583333333333 0.025 0.027083333333333334
0 0.45859375 0.19583333333333333 0.026562500000000003 0.0375
