0 0.21484375 0.9447916666666667 0.0328125 0.04375
0 0.278125 0.9135416666666667 0.028125 0.035416666666666666
0 0.30859375 0.9 0.035937500000000004 0.0375
0 0.3828125 0.7614583333333333 0.034375 0.03958333333333333
0 0.37890625 0.8156249999999999 0.0328125 0.03958333333333333
0 0.28203125 0.7541666666666667 0.026562500000000003 0.03333333333333333
0 0.184375 0.81875 0.03125 0.0375
0 0.14921875 0.903125 0.026562500000000003 0.035416666666666666
0 0.28750000000000003 0.6760416666666667 0.03125 0.03958333333333333
0 0.29140625000000003 0.5666666666666667 0.029687500000000002 0.029166666666666667
0 0.31875000000000003 0.5322916666666666 0.025 0.03125
0 0.31875000000000003 0.4791666666666667 0.028125 0.03333333333333333
0 0.37578125 0.41770833333333335 0.035937500000000004 0.03958333333333333
0 0.36015625 0.3625 0.029687500000000002 0.03333333333333333
0 0.42031250000000003 0.38125 0.025 0.03333333333333333
0 0.44062500000000004 0.46875 0.025 0.03333333333333333
0 0.47500000000000003 0.6479166666666667 0.028125 0.041666666666666664
0 0.5476562500000001 0.6177083333333333 0.0234375 0.03125
0 0.40937500000000004 0.6114583333333333 0.028125 0.03125
0 0.41250000000000003 0.5416666666666666 0.025 0.03333333333333333
0 0.45937500000000003 0.5052083333333334 0.018750000000000003 0.027083333333333334
0 0.4921875 0.39791666666666664 0.021875000000000002 0.029166666666666667
0 0.29765625 0.40520833333333334 0.0328125 0.03958333333333333
0 0.34453125 0.315625 0.0328125 0.03958333333333333
0 0.30078125 0.234375 0.035937500000000004 0.03958333333333333
0 0.43125 0.3052083333333333 0.034375 0.035416666666666666
0 0.18281250000000002 0.340625 0.028125 0.035416666666666666
0 0.21953125 0.5041666666666667 0.029687500000000002 0.041666666666666664
0 0.525 0.7010416666666667 0.028125 0.03125
0 0.5281250000000001 0.7375 0.025 0.029166666666666667
0 0.25625000000000003 0.128125 0.037500000000000006 0.035416666666666666
