0 0.12421875 0.065625 0.0921875 0.13125
0 0.7289062500000001 0.253125 0.1390625 0.19375
0 0.5078125 0.18125 0.10312500000000001 0.15416666666666667
0 0.609375 0.271875 0.10625000000000001 0.18958333333333333
0 0.578125 0.3854166666666667 0.109375 0.11666666666666667
0 0.5234375 0.4979166666666667 0.10312500000000001 0.1625
0 0.2515625 0.9604166666666667 0.0625 0.075
0 0.1953125 0.7583333333333333 0.065625 0.0875
0 0.6875 0.903125 0.109375 0.16458333333333333
0 0.76875 0.9302083333333333 0.1 0.13541666666666666
0 0.66328125 0.74375 0.1078125 0.16666666666666666
0 0.24453125 0.18020833333333333 0.07968750000000001 0.11041666666666666
0 0.8304687500000001 0.40625 0.11406250000000001 0.175
0 0.48671875000000003 0.37916666666666665 0.0671875 0.1
0 0.3453125 0.3145833333333333 0.0625 0.0875
