0 0.6625000000000001 0.6791666666666667 0.08125 0.09166666666666666
0 0.6156250000000001 0.5979166666666667 0.07500000000000001 0.09166666666666666
0 0.74765625 0.41354166666666664 0.07968750000000001 0.09375
0 0.1875 0.7302083333333333 0.09375 0.13958333333333334
0 0.284375 0.7322916666666667 0.084375 0.13125
0 0.421875 0.4770833333333333 0.08750000000000001 0.12916666666666665
0 0.59140625 0.27708333333333335 0.06406250000000001 0.08333333333333333
0 0.9109375000000001 0.7864583333333334 0.078125 0.07291666666666667
0 0.3328125 0.5677083333333334 0.059375000000000004 0.07291666666666667
0 0.421875 0.14583333333333334 0.06875 0.06666666666666667
