0 0.5484375 0.28020833333333334 0.07187500000000001 0.09791666666666667
0 0.018750000000000003 0.046875 0.037500000000000006 0.09375
0 0.4703125 0.5677083333333334 0.0625 0.09791666666666667
0 0.571875 0.5645833333333333 0.078125 0.10416666666666667
0 0.609375 0.6104166666666666 0.053125000000000006 0.0625
0 0.6140625000000001 0.684375 0.059375000000000004 0.07708333333333334
0 0.859375 0.7020833333333333 0.096875 0.1125
0 0.78046875 0.8302083333333333 0.0734375 0.06875
0 0.1921875 0.7510416666666666 0.1 0.10208333333333333
0 0.4625 0.7489583333333333 0.08750000000000001 0.13125
0 0.8968750000000001 0.8760416666666666 0.07187500000000001 0.07708333333333334
