0 0.7046875 0.825 0.12187500000000001 0.17916666666666667
0 0.6156250000000001 0.8708333333333333 0.109375 0.15416666666666667
0 0.50390625 0.8791666666666667 0.07968750000000001 0.12083333333333333
0 0.49453125000000003 0.715625 0.0671875 0.09375
0 0.13125 0.8083333333333333 0.08125 0.12916666666666665
0 0.03359375 0.4239583333333333 0.0671875 0.08541666666666667
0 0.71484375 0.27708333333333335 0.11093750000000001 0.1375
0 0.9125000000000001 0.3177083333333333 0.140625 0.15625
0 0.9671875000000001 0.61875 0.0625 0.14583333333333334
0 0.890625 0.8708333333333333 0.12187500000000001 0.18333333333333332
0 0.9304687500000001 0.7270833333333333 0.1078125 0.12916666666666665
0 0.54921875 0.5489583333333333 0.0703125 0.08958333333333333
0 0.565625 0.665625 0.07187500000000001 0.10208333333333333
