0 0.540625 0.4083333333333333 0.08125 0.12083333333333333
0 0.95234375 0.428125 0.0921875 0.10208333333333333
0 0.56171875 0.5510416666666667 0.0734375 0.08958333333333333
0 0.6468750000000001 0.5072916666666667 0.05625 0.07291666666666667
0 0.66796875 0.10625 0.07968750000000001 0.10416666666666667
0 0.09609375 0.5958333333333333 0.0390625 0.05
0 0.1546875 0.6208333333333333 0.034375 0.04583333333333333
0 0.325 0.6739583333333333 0.053125000000000006 0.052083333333333336
0 0.24765625000000002 0.12395833333333334 0.0765625 0.08541666666666667
0 0.41718750000000004 0.25 0.059375000000000004 0.07083333333333333
0 0.4703125 0.3927083333333333 0.065625 0.08541666666666667
