0 0.62421875 0.25729166666666664 0.13593750000000002 0.20625
0 0.7937500000000001 0.2791666666666667 0.115625 0.20416666666666666
0 0.8031250000000001 0.46458333333333335 0.05625 0.075
0 0.94453125 0.5208333333333334 0.0421875 0.04583333333333333
0 0.92890625 0.5604166666666667 0.0421875 0.058333333333333334
0 0.7796875000000001 0.7052083333333333 0.07187500000000001 0.08958333333333333
0 0.59140625 0.653125 0.051562500000000004 0.06875
0 0.39375000000000004 0.6645833333333333 0.05 0.06666666666666667
0 0.38203125000000004 0.8927083333333333 0.0421875 0.052083333333333336
0 0.39687500000000003 0.953125 0.043750000000000004 0.06458333333333333
0 0.41328125000000004 0.8385416666666666 0.026562500000000003 0.03958333333333333
0 0.1265625 0.8364583333333333 0.037500000000000006 0.04791666666666666
0 0.42109375000000004 0.44479166666666664 0.0484375 0.06041666666666667
0 0.503125 0.346875 0.053125000000000006 0.06458333333333333
0 0.7351562500000001 0.8041666666666667 0.06406250000000001 0.07916666666666666
0 0.7156250000000001 0.7447916666666666 0.053125000000000006 0.06041666666666667
