0 0.6218750000000001 0.051041666666666666 0.109375 0.10208333333333333
0 0.7828125 0.1125 0.084375 0.10833333333333334
0 0.9703125 0.490625 0.05625 0.10208333333333333
0 0.35546875 0.22291666666666665 0.07968750000000001 0.1125
0 0.2578125 0.06770833333333333 0.08750000000000001 0.09375
0 0.08515625 0.3520833333333333 0.08281250000000001 0.1125
0 0.1625 0.696875 0.07500000000000001 0.08541666666666667
0 0.1921875 0.7677083333333333 0.065625 0.07291666666666667
0 0.27187500000000003 0.709375 0.046875 0.06875
0 0.36875 0.7833333333333333 0.0625 0.06666666666666667
0 0.20468750000000002 0.928125 0.059375000000000004 0.07291666666666667
0 0.16718750000000002 0.23854166666666665 0.07500000000000001 0.09375
