0 0.7093750000000001 0.5677083333333334 0.1 0.12291666666666666
0 0.675 0.4302083333333333 0.08125 0.11875
0 0.446875 0.459375 0.109375 0.12708333333333333
0 0.4140625 0.609375 0.096875 0.14791666666666667
0 0.55078125 0.6270833333333333 0.08281250000000001 0.075
0 0.59609375 0.365625 0.0765625 0.11041666666666666
0 0.65 0.29583333333333334 0.06875 0.07916666666666666
0 0.41875 0.30625 0.078125 0.13333333333333333
0 0.4859375 0.21875 0.096875 0.09166666666666666
0 0.63203125 0.17291666666666666 0.0703125 0.09166666666666666
0 0.7000000000000001 0.20833333333333334 0.05625 0.09583333333333333
0 0.41171875 0.7541666666666667 0.06406250000000001 0.1125
0 0.05234375 0.075 0.060937500000000006 0.07083333333333333
