0 0.45546875000000003 0.6760416666666667 0.08281250000000001 0.10208333333333333
0 0.42890625000000004 0.5625 0.0671875 0.09166666666666666
0 0.9382812500000001 0.052083333333333336 0.09531250000000001 0.10416666666666667
0 0.19687500000000002 0.8458333333333333 0.07187500000000001 0.1
0 0.19062500000000002 0.728125 0.08125 0.12291666666666666
0 0.22421875000000002 0.6052083333333333 0.0921875 0.11875
0 0.20078125000000002 0.47604166666666664 0.08281250000000001 0.10625
0 0.36640625000000004 0.5302083333333333 0.0703125 0.10625
0 0.41718750000000004 0.42916666666666664 0.05625 0.07083333333333333
0 0.4109375 0.3375 0.05625 0.075
0 0.4078125 0.8552083333333333 0.06875 0.07708333333333334
0 0.48125 0.09895833333333333 0.043750000000000004 0.06041666666666667
0 0.39609375 0.7604166666666666 0.0703125 0.09166666666666666
0 0.32890625 0.778125 0.060937500000000006 0.07708333333333334
