0 0.45234375000000004 0.41354166666666664 0.0921875 0.12291666666666666
0 0.30390625000000004 0.70625 0.09531250000000001 0.12083333333333333
0 0.6585937500000001 0.7020833333333333 0.1171875 0.16666666666666666
0 0.7625000000000001 0.8697916666666666 0.12187500000000001 0.13958333333333334
0 0.634375 0.828125 0.053125000000000006 0.06458333333333333
0 0.6328125 0.9302083333333333 0.10625000000000001 0.13541666666666666
0 0.98046875 0.6114583333333333 0.035937500000000004 0.10208333333333333
0 0.89765625 0.22291666666666665 0.09531250000000001 0.125
0 0.8812500000000001 0.04791666666666666 0.1125 0.09583333333333333
0 0.53671875 0.15729166666666666 0.1015625 0.14375
0 0.64375 0.2604166666666667 0.07187500000000001 0.10416666666666667
0 0.6218750000000001 0.38125 0.0625 0.09583333333333333
0 0.29296875 0.3333333333333333 0.045312500000000006 0.06666666666666667
0 0.3609375 0.02395833333333333 0.065625 0.04791666666666666
