0 0.72578125 0.553125 0.06406250000000001 0.08541666666666667
0 0.7921875 0.35833333333333334 0.05625 0.075
0 0.5890625 0.54375 0.046875 0.058333333333333334
0 0.54921875 0.4375 0.051562500000000004 0.06666666666666667
0 0.40156250000000004 0.5510416666666667 0.043750000000000004 0.06458333333333333
0 0.225 0.734375 0.034375 0.04791666666666666
0 0.0140625 0.5614583333333333 0.028125 0.03958333333333333
0 0.017968750000000002 0.5 0.035937500000000004 0.058333333333333334
0 0.42812500000000003 0.32708333333333334 0.037500000000000006 0.05416666666666667
0 0.39296875000000003 0.7760416666666666 0.0328125 0.052083333333333336
0 0.40468750000000003 0.8364583333333333 0.043750000000000004 0.05625
0 0.16640625 0.7114583333333333 0.0328125 0.052083333333333336
0 0.03671875 0.15833333333333333 0.045312500000000006 0.041666666666666664
0 0.415625 0.42604166666666665 0.037500000000000006 0.052083333333333336
0 0.48984375 0.43124999999999997 0.051562500000000004 0.05
0 0.17343750000000002 0.06041666666666667 0.021875000000000002 0.03333333333333333
0 0.6921875000000001 0.653125 0.037500000000000006 0.052083333333333336
0 0.82421875 0.5479166666666666 0.0421875 0.058333333333333334
