0 0.56796875 0.6166666666666667 0.0671875 0.0875
0 0.8679687500000001 0.5854166666666667 0.11093750000000001 0.125
0 0.55078125 0.4354166666666667 0.0671875 0.08333333333333333
0 0.46328125000000003 0.4822916666666667 0.060937500000000006 0.07291666666666667
0 0.39296875000000003 0.20729166666666665 0.0328125 0.04375
0 0.790625 0.11979166666666667 0.065625 0.08541666666666667
0 0.6625000000000001 0.10104166666666667 0.053125000000000006 0.07708333333333334
0 0.7250000000000001 0.21145833333333333 0.043750000000000004 0.06458333333333333
0 0.7046875 0.5520833333333334 0.09062500000000001 0.09583333333333333
0 0.6351562500000001 0.6229166666666667 0.0484375 0.0625
0 0.696875 0.928125 0.07500000000000001 0.10208333333333333
0 0.4140625 0.8989583333333333 0.046875 0.06458333333333333
0 0.3671875 0.890625 0.040625 0.06041666666666667
0 0.45625000000000004 0.21875 0.03125 0.04583333333333333
0 0.1796875 0.134375 0.028125 0.04375
0 0.8929687500000001 0.4822916666666667 0.1015625 0.10625
