0 0.45859375 0.3645833333333333 0.1046875 0.1375
0 0.47265625 0.46770833333333334 0.09843750000000001 0.09791666666666667
0 0.42031250000000003 0.49583333333333335 0.046875 0.0875
0 0.4703125 0.5354166666666667 0.065625 0.06666666666666667
0 0.54609375 0.5197916666666667 0.0734375 0.09791666666666667
0 0.5828125000000001 0.653125 0.09062500000000001 0.13541666666666666
0 0.553125 0.8447916666666666 0.05625 0.07708333333333334
0 0.88828125 0.6458333333333334 0.0703125 0.0875
0 0.9828125000000001 0.4510416666666667 0.03125 0.07708333333333334
0 0.7156250000000001 0.5458333333333333 0.07500000000000001 0.0875
0 0.78515625 0.8260416666666667 0.0703125 0.08125
