0 0.78828125 0.04895833333333333 0.1078125 0.09791666666666667
0 0.76484375 0.146875 0.09843750000000001 0.11458333333333333
0 0.921875 0.4864583333333333 0.07187500000000001 0.08541666666666667
0 0.9421875000000001 0.628125 0.07187500000000001 0.10208333333333333
0 0.8835937500000001 0.7104166666666667 0.0734375 0.09166666666666666
0 0.9203125000000001 0.803125 0.096875 0.09791666666666667
0 0.8890625000000001 0.9135416666666667 0.09375 0.10208333333333333
0 0.7093750000000001 0.709375 0.06875 0.06875
0 0.49296875 0.7447916666666666 0.0859375 0.12291666666666666
0 0.66015625 0.5760416666666667 0.0734375 0.08958333333333333
0 0.6039062500000001 0.528125 0.06406250000000001 0.08958333333333333
0 0.57421875 0.45729166666666665 0.0765625 0.08958333333333333
0 0.6687500000000001 0.40729166666666666 0.07187500000000001 0.09375
0 0.2421875 0.4895833333333333 0.08125 0.1
0 0.34765625 0.771875 0.06406250000000001 0.09791666666666667
0 0.36875 0.5833333333333334 0.06875 0.1
0 0.29453125 0.54375 0.0484375 0.058333333333333334
0 0.22578125000000002 0.18645833333333334 0.08281250000000001 0.09375
0 0.7898437500000001 0.44375 0.035937500000000004 0.04583333333333333
0 0.82734375 0.46041666666666664 0.0390625 0.041666666666666664
0 0.815625 0.378125 0.037500000000000006 0.052083333333333336
0 0.178125 0.271875 0.08750000000000001 0.11875
