0 0.5328125 0.8822916666666667 0.08750000000000001 0.12291666666666666
0 0.7484375000000001 0.5739583333333333 0.08125 0.11458333333333333
0 0.8109375000000001 0.6479166666666667 0.07500000000000001 0.07916666666666666
0 0.96484375 0.5125 0.0671875 0.125
0 0.9109375000000001 0.4875 0.065625 0.09166666666666666
0 0.86328125 0.134375 0.0921875 0.11458333333333333
0 0.38593750000000004 0.934375 0.08125 0.11041666666666666
0 0.01953125 0.8552083333333333 0.0390625 0.09791666666666667
0 0.36015625 0.03125 0.1015625 0.0625
0 0.68515625 0.603125 0.0578125 0.09791666666666667
