0 0.33906250000000004 0.3302083333333333 0.07187500000000001 0.07708333333333334
0 0.6351562500000001 0.309375 0.07968750000000001 0.10208333333333333
0 0.7117187500000001 0.340625 0.0890625 0.10208333333333333
0 0.8523437500000001 0.4375 0.0765625 0.1
0 0.79609375 0.5145833333333333 0.0671875 0.10416666666666667
0 0.8656250000000001 0.5229166666666667 0.07500000000000001 0.09583333333333333
0 0.665625 0.5291666666666667 0.06875 0.09583333333333333
0 0.7078125000000001 0.5791666666666666 0.059375000000000004 0.09166666666666666
0 0.753125 0.5572916666666666 0.065625 0.08958333333333333
0 0.29453125 0.396875 0.0578125 0.08125
0 0.31093750000000003 0.4864583333333333 0.05 0.07291666666666667
0 0.34140625 0.6604166666666667 0.051562500000000004 0.058333333333333334
0 0.4453125 0.42916666666666664 0.043750000000000004 0.058333333333333334
0 0.46796875000000004 0.46875 0.0421875 0.05416666666666667
0 0.6468750000000001 0.22395833333333334 0.065625 0.07291666666666667
