0 0.14921875 0.303125 0.08281250000000001 0.11041666666666666
0 0.21250000000000002 0.33541666666666664 0.059375000000000004 0.075
0 0.20390625 0.4375 0.0703125 0.0875
0 0.2828125 0.334375 0.059375000000000004 0.10625
0 0.2890625 0.553125 0.043750000000000004 0.06041666666666667
0 0.2578125 0.7 0.043750000000000004 0.0625
0 0.33359375 0.6625 0.045312500000000006 0.05416666666666667
0 0.4265625 0.759375 0.10625000000000001 0.11875
0 0.7984375 0.51875 0.10312500000000001 0.1375
0 0.7781250000000001 0.3541666666666667 0.09062500000000001 0.1125
0 0.55859375 0.34375 0.08281250000000001 0.0875
0 0.76875 0.8458333333333333 0.08750000000000001 0.1
0 0.5375 0.140625 0.065625 0.09375
0 0.78515625 0.6927083333333334 0.0578125 0.08125
0 0.6273437500000001 0.6020833333333333 0.0484375 0.06666666666666667
0 0.8828125 0.821875 0.0625 0.11875
