0 0.76484375 0.5572916666666666 0.0921875 0.12291666666666666
0 0.93125 0.91875 0.134375 0.15833333333333333
0 0.7703125000000001 0.36041666666666666 0.08125 0.09166666666666666
0 0.7351562500000001 0.43854166666666666 0.08281250000000001 0.10208333333333333
0 0.6726562500000001 0.5114583333333333 0.0484375 0.06875
0 0.57578125 0.6041666666666666 0.0546875 0.09583333333333333
0 0.73203125 0.075 0.1203125 0.15
0 0.8929687500000001 0.08229166666666667 0.0546875 0.09375
0 0.45390625 0.7083333333333334 0.0578125 0.07083333333333333
0 0.59921875 0.2989583333333333 0.0859375 0.13125
0 0.56484375 0.12291666666666666 0.051562500000000004 0.09166666666666666
0 0.49296875 0.5395833333333333 0.045312500000000006 0.075
0 0.64765625 0.6072916666666667 0.0328125 0.06041666666666667
0 0.97265625 0.37916666666666665 0.051562500000000004 0.07916666666666666
0 0.46484375 0.42291666666666666 0.045312500000000006 0.0875
0 0.53359375 0.46041666666666664 0.0484375 0.06666666666666667
0 0.5710937500000001 0.375 0.0484375 0.0625
