0 0.7703125000000001 0.24375 0.15937500000000002 0.20416666666666666
0 0.30546875 0.334375 0.0734375 0.08958333333333333
0 0.19765625 0.3885416666666667 0.1546875 0.19375
0 0.12812500000000002 0.058333333333333334 0.11875000000000001 0.11666666666666667
0 0.5710937500000001 0.7635416666666667 0.0703125 0.09791666666666667
0 0.32109375 0.5 0.0703125 0.07916666666666666
0 0.3046875 0.4 0.05 0.058333333333333334
0 0.13984375000000002 0.5572916666666666 0.11093750000000001 0.13541666666666666
0 0.051562500000000004 0.715625 0.09375 0.13541666666666666
0 0.2171875 0.79375 0.084375 0.11666666666666667
0 0.63828125 0.9510416666666667 0.0890625 0.09375
0 0.22265625 0.9395833333333333 0.08281250000000001 0.10833333333333334
0 0.06328125 0.9625 0.06406250000000001 0.07083333333333333
0 0.14140625 0.796875 0.060937500000000006 0.08125
0 0.041406250000000006 0.8114583333333333 0.0546875 0.06041666666666667
