0 0.6492187500000001 0.6552083333333333 0.0734375 0.10625
0 0.89453125 0.8322916666666667 0.09531250000000001 0.11875
0 0.78671875 0.79375 0.0546875 0.07916666666666666
0 0.48125 0.053125 0.07187500000000001 0.10625
0 0.58125 0.034375 0.065625 0.06875
0 0.8718750000000001 0.2677083333333333 0.078125 0.12708333333333333
0 0.8523437500000001 0.46041666666666664 0.060937500000000006 0.075
0 0.7000000000000001 0.39791666666666664 0.059375000000000004 0.075
0 0.6546875000000001 0.359375 0.05 0.07291666666666667
0 0.6023437500000001 0.32708333333333334 0.0484375 0.07083333333333333
0 0.4140625 0.709375 0.065625 0.10625
0 0.6000000000000001 0.9197916666666667 0.07187500000000001 0.10208333333333333
0 0.8304687500000001 0.125 0.0671875 0.1
0 0.060937500000000006 0.4739583333333333 0.09375 0.14791666666666667
