0 0.796875 0.6770833333333334 0.12812500000000002 0.175
0 0.77265625 0.396875 0.1078125 0.13125
0 0.8484375000000001 0.41562499999999997 0.10312500000000001 0.14375
0 0.225 0.09166666666666666 0.140625 0.18333333333333332
0 0.32343750000000004 0.3833333333333333 0.09062500000000001 0.20416666666666666
0 0.27890625 0.46979166666666666 0.0890625 0.18958333333333333
0 0.19687500000000002 0.8833333333333333 0.08125 0.1
0 0.5921875 0.7645833333333333 0.1 0.125
0 0.6062500000000001 0.64375 0.065625 0.1125
0 0.7117187500000001 0.6885416666666666 0.0671875 0.11875
0 0.65390625 0.5385416666666667 0.09531250000000001 0.12708333333333333
0 0.73359375 0.041666666666666664 0.09531250000000001 0.08333333333333333
0 0.7453125 0.49583333333333335 0.059375000000000004 0.04583333333333333
0 0.253125 0.584375 0.059375000000000004 0.10208333333333333
0 0.47734375 0.9427083333333334 0.060937500000000006 0.11041666666666666
