0 0.58125 0.7958333333333333 0.053125000000000006 0.09583333333333333
0 0.47265625 0.6895833333333333 0.0890625 0.11666666666666667
0 0.6546875000000001 0.315625 0.115625 0.14791666666666667
0 0.73046875 0.334375 0.0734375 0.11041666666666666
0 0.8328125000000001 0.4125 0.059375000000000004 0.07083333333333333
0 0.39765625000000004 0.48541666666666666 0.11406250000000001 0.12916666666666665
0 0.39765625000000004 0.34791666666666665 0.11093750000000001 0.15416666666666667
0 0.5140625 0.2833333333333333 0.10625000000000001 0.15
0 0.6171875 0.23124999999999998 0.096875 0.13333333333333333
0 0.43281250000000004 0.5979166666666667 0.10312500000000001 0.11666666666666667
0 0.74765625 0.140625 0.0765625 0.12291666666666666
0 0.8695312500000001 0.075 0.1171875 0.15
0 0.909375 0.19583333333333333 0.109375 0.1375
0 0.9710937500000001 0.20520833333333333 0.0546875 0.12708333333333333
