0 0.46796875000000004 0.5979166666666667 0.035937500000000004 0.05
0 0.51875 0.5229166666666667 0.03125 0.04583333333333333
0 0.55234375 0.45416666666666666 0.0390625 0.05
0 0.58515625 0.43333333333333335 0.0328125 0.04583333333333333
0 0.6257812500000001 0.675 0.0421875 0.05416666666666667
0 0.665625 0.5864583333333333 0.03125 0.04375
0 0.35703125 0.934375 0.0390625 0.05625
0 0.40859375000000003 0.7947916666666667 0.0328125 0.04791666666666666
0 0.4390625 0.7385416666666667 0.037500000000000006 0.06041666666666667
0 0.48828125 0.740625 0.035937500000000004 0.05625
0 0.46328125000000003 0.6875 0.0421875 0.058333333333333334
0 0.32578125 0.7947916666666667 0.035937500000000004 0.04791666666666666
0 0.340625 0.6364583333333333 0.034375 0.04375
0 0.3984375 0.5822916666666667 0.034375 0.052083333333333336
0 0.38125000000000003 0.53125 0.03125 0.041666666666666664
0 0.33671875 0.4895833333333333 0.029687500000000002 0.041666666666666664
0 0.30000000000000004 0.5354166666666667 0.040625 0.05
0 0.28750000000000003 0.378125 0.034375 0.04791666666666666
0 0.66171875 0.7708333333333334 0.029687500000000002 0.041666666666666664
0 0.16875 0.515625 0.040625 0.04375
0 0.20625000000000002 0.5145833333333333 0.025 0.0375
