0 0.6140625000000001 0.6760416666666667 0.125 0.16875
0 0.32109375 0.9322916666666666 0.1296875 0.13125
0 0.52734375 0.9083333333333333 0.0578125 0.07083333333333333
0 0.7265625 0.7895833333333333 0.059375000000000004 0.07916666666666666
0 0.828125 0.6239583333333333 0.0625 0.06041666666666667
0 0.9031250000000001 0.5427083333333333 0.05625 0.08541666666666667
0 0.9617187500000001 0.546875 0.0484375 0.07708333333333334
0 0.628125 0.32395833333333335 0.10625000000000001 0.18541666666666667
0 0.8796875000000001 0.32916666666666666 0.05625 0.075
0 0.06015625 0.49583333333333335 0.1203125 0.1875
0 0.3015625 0.65625 0.05625 0.08333333333333333
0 0.35781250000000003 0.596875 0.05 0.08125
0 0.6585937500000001 0.19895833333333332 0.0546875 0.07291666666666667
0 0.9828125000000001 0.12291666666666666 0.03125 0.06666666666666667
0 0.9265625000000001 0.21666666666666667 0.043750000000000004 0.05416666666666667
0 0.234375 0.44687499999999997 0.053125000000000006 0.06875
0 0.014843750000000001 0.7052083333333333 0.029687500000000002 0.09375
0 0.032031250000000004 0.29270833333333335 0.06406250000000001 0.13541666666666666
0 0.8484375000000001 0.46770833333333334 0.043750000000000004 0.04375
0 0.875 0.6020833333333333 0.03125 0.05
