0 0.6734375 0.8927083333333333 0.05 0.07291666666666667
0 0.4421875 0.9604166666666667 0.05625 0.075
0 0.3515625 0.9291666666666667 0.037500000000000006 0.05416666666666667
0 0.31171875000000004 0.7125 0.029687500000000002 0.041666666666666664
0 0.21328125 0.5822916666666667 0.0328125 0.04791666666666666
0 0.27578125000000003 0.5895833333333333 0.035937500000000004 0.05416666666666667
0 0.115625 0.6354166666666666 0.028125 0.041666666666666664
0 0.14609375 0.63125 0.026562500000000003 0.041666666666666664
0 0.18906250000000002 0.7625 0.028125 0.0375
0 0.21953125 0.8104166666666667 0.0328125 0.04583333333333333
0 0.11015625000000001 0.9406249999999999 0.029687500000000002 0.03958333333333333
0 0.2921875 0.7739583333333333 0.028125 0.04791666666666666
0 0.21250000000000002 0.6416666666666666 0.028125 0.041666666666666664
