0 0.5875 0.8875 0.037500000000000006 0.05416666666666667
0 0.6351562500000001 0.8083333333333333 0.035937500000000004 0.05
0 0.6742187500000001 0.7916666666666666 0.035937500000000004 0.058333333333333334
0 0.5375 0.6958333333333333 0.040625 0.05
0 0.33828125000000003 0.7541666666666667 0.0421875 0.05416666666666667
0 0.27265625 0.8104166666666667 0.0390625 0.05416666666666667
0 0.31328125 0.8895833333333333 0.0484375 0.058333333333333334
0 0.13359375 0.8583333333333333 0.045312500000000006 0.05416666666666667
0 0.20390625 0.9697916666666666 0.035937500000000004 0.052083333333333336
0 0.6000000000000001 0.834375 0.034375 0.04375
0 0.77265625 0.9760416666666667 0.0421875 0.04375
0 0.3828125 0.875 0.043750000000000004 0.05416666666666667
0 0.43281250000000004 0.9114583333333334 0.040625 0.052083333333333336
0 0.446875 0.9697916666666666 0.040625 0.05625
0 0.16718750000000002 0.6270833333333333 0.034375 0.041666666666666664
0 0.24296875 0.55 0.029687500000000002 0.03333333333333333
0 0.23046875 0.5885416666666666 0.0234375 0.03958333333333333
0 0.58125 0.9479166666666666 0.05 0.058333333333333334
0 0.696875 0.8614583333333333 0.053125000000000006 0.052083333333333336
0 0.146875 0.4375 0.03125 0.0375
0 0.13828125 0.5864583333333333 0.029687500000000002 0.035416666666666666
0 0.08671875000000001 0.565625 0.0328125 0.03958333333333333
0 0.0859375 0.5229166666666667 0.025 0.03333333333333333
0 0.06484375 0.48854166666666665 0.026562500000000003 0.03958333333333333
0 0.08750000000000001 0.48125 0.028125 0.0375
0 0.15546875000000002 0.4895833333333333 0.026562500000000003 0.0375
0 0.28125 0.7208333333333333 0.025 0.0375
