0 0.7109375 0.6083333333333333 0.10312500000000001 0.14166666666666666
0 0.9617187500000001 0.93125 0.0734375 0.12916666666666665
0 0.7953125000000001 0.9520833333333333 0.1 0.09166666666666666
0 0.48984375 0.6666666666666666 0.0671875 0.09583333333333333
0 0.52890625 0.521875 0.0703125 0.10625
0 0.025781250000000002 0.13854166666666667 0.051562500000000004 0.13125
0 0.29531250000000003 0.6895833333333333 0.046875 0.07916666666666666
0 0.31796875 0.9760416666666667 0.07968750000000001 0.04375
0 0.3640625 0.06979166666666667 0.08125 0.11458333333333333
0 0.34687500000000004 0.2677083333333333 0.084375 0.11458333333333333
0 0.4296875 0.6427083333333333 0.059375000000000004 0.07291666666666667
0 0.4296875 0.35625 0.053125000000000006 0.08333333333333333
0 0.50390625 0.078125 0.0578125 0.09375
0 0.32890625 0.058333333333333334 0.08281250000000001 0.1125
0 0.8015625000000001 0.26875 0.043750000000000004 0.0625
