0 0.5828125000000001 0.7697916666666667 0.05 0.06875
0 0.828125 0.8385416666666666 0.05 0.06458333333333333
0 0.63203125 0.6583333333333333 0.051562500000000004 0.07083333333333333
0 0.67890625 0.6302083333333334 0.0484375 0.06875
0 0.49921875000000004 0.5572916666666666 0.051562500000000004 0.06458333333333333
0 0.22968750000000002 0.60625 0.059375000000000004 0.08333333333333333
0 0.2015625 0.7677083333333333 0.07187500000000001 0.07291666666666667
0 0.75390625 0.9708333333333333 0.0484375 0.05416666666666667
0 0.5359375000000001 0.9135416666666667 0.05 0.07708333333333334
0 0.5945312500000001 0.8677083333333333 0.0390625 0.06458333333333333
0 0.40546875000000004 0.9041666666666667 0.0484375 0.07916666666666666
0 0.58984375 0.7114583333333333 0.0421875 0.052083333333333336
0 0.6671875 0.7197916666666666 0.043750000000000004 0.06041666666666667
0 0.31171875000000004 0.7791666666666667 0.051562500000000004 0.075
0 0.24921875000000002 0.8635416666666667 0.060937500000000006 0.08125
0 0.2859375 0.9364583333333333 0.053125000000000006 0.06458333333333333
0 0.030468750000000003 0.8916666666666666 0.060937500000000006 0.07916666666666666
0 0.09453125000000001 0.95 0.0546875 0.075
0 0.17421875 0.9635416666666666 0.0546875 0.06875
0 0.1328125 0.9510416666666667 0.034375 0.05625
0 0.08984375 0.3770833333333333 0.0390625 0.058333333333333334
0 0.13203125000000002 0.4822916666666667 0.0390625 0.04791666666666666
0 0.018750000000000003 0.3697916666666667 0.03125 0.052083333333333336
0 0.38046875 0.8270833333333333 0.0484375 0.075
