0 0.56015625 0.7197916666666666 0.1484375 0.18541666666666667
0 0.8140625 0.771875 0.13125 0.16875
0 0.20078125000000002 0.14895833333333333 0.08281250000000001 0.11458333333333333
0 0.30703125000000003 0.20104166666666667 0.06406250000000001 0.09375
0 0.184375 0.3302083333333333 0.115625 0.15625
0 0.27890625 0.4114583333333333 0.09843750000000001 0.12291666666666666
0 0.30312500000000003 0.34791666666666665 0.084375 0.0875
0 0.321875 0.5583333333333333 0.109375 0.14583333333333334
0 0.225 0.6458333333333334 0.10625000000000001 0.12916666666666665
0 0.1953125 0.50625 0.1 0.1375
