0 0.5421875 0.05 0.19062500000000002 0.1
0 0.26328125 0.11770833333333333 0.11093750000000001 0.17291666666666666
0 0.3140625 0.0375 0.10625000000000001 0.075
0 0.0390625 0.14270833333333333 0.078125 0.18541666666666667
0 0.15000000000000002 0.096875 0.07500000000000001 0.14791666666666667
0 0.19296875000000002 0.796875 0.09843750000000001 0.13541666666666666
0 0.45078125 0.8770833333333333 0.07968750000000001 0.1125
0 0.63671875 0.4083333333333333 0.0546875 0.09166666666666666
0 0.6984375 0.45416666666666666 0.07500000000000001 0.0875
0 0.83203125 0.496875 0.0671875 0.08125
0 0.37031250000000004 0.29270833333333335 0.08750000000000001 0.09375
0 0.6640625 0.2604166666666667 0.040625 0.08333333333333333
0 0.37734375000000003 0.428125 0.0328125 0.07708333333333334
