0 0.9703125 0.5677083333333334 0.05625 0.17291666666666666
0 0.7109375 0.465625 0.1 0.13125
0 0.56484375 0.2916666666666667 0.1015625 0.12916666666666665
0 0.6453125000000001 0.3375 0.08125 0.10833333333333334
0 0.59296875 0.44479166666666664 0.0921875 0.11875
0 0.3953125 0.7447916666666666 0.09375 0.13958333333333334
0 0.41796875 0.9291666666666667 0.0859375 0.125
0 0.46328125000000003 0.9458333333333333 0.0546875 0.09166666666666666
0 0.025 0.40729166666666666 0.05 0.06875
0 0.11875000000000001 0.9604166666666667 0.07500000000000001 0.075
0 0.6125 0.5666666666666667 0.07187500000000001 0.1125
