0 0.48359375000000004 0.653125 0.0578125 0.07708333333333334
0 0.44140625 0.7010416666666667 0.045312500000000006 0.07708333333333334
0 0.026562500000000003 0.9249999999999999 0.053125000000000006 0.0875
0 0.22812500000000002 0.35833333333333334 0.05625 0.0875
0 0.23125 0.18125 0.084375 0.0875
0 0.3203125 0.171875 0.05625 0.08541666666666667
0 0.06640625 0.071875 0.06406250000000001 0.07708333333333334
0 0.6023437500000001 0.3145833333333333 0.060937500000000006 0.09166666666666666
0 0.56953125 0.4197916666666667 0.09531250000000001 0.12291666666666666
0 0.925 0.052083333333333336 0.07500000000000001 0.10416666666666667
0 0.7640625000000001 0.05416666666666667 0.046875 0.08333333333333333
0 0.8296875 0.334375 0.046875 0.06458333333333333
