0 0.61484375 0.56875 0.1078125 0.1375
0 0.8640625000000001 0.6739583333333333 0.05625 0.07291666666666667
0 0.36015625 0.7479166666666667 0.1203125 0.15
0 0.171875 0.4145833333333333 0.10625000000000001 0.14583333333333334
0 0.051562500000000004 0.396875 0.096875 0.13541666666666666
0 0.10078125 0.08125 0.1015625 0.12083333333333333
0 0.08515625 0.23958333333333334 0.11093750000000001 0.15
0 0.16484375 0.321875 0.1046875 0.09791666666666667
0 0.6039062500000001 0.34479166666666666 0.0671875 0.12291666666666666
0 0.5789062500000001 0.6875 0.045312500000000006 0.0625
0 0.8500000000000001 0.7875 0.053125000000000006 0.058333333333333334
0 0.921875 0.8312499999999999 0.05625 0.058333333333333334
0 0.81796875 0.43333333333333335 0.045312500000000006 0.05416666666666667
0 0.63984375 0.45729166666666665 0.051562500000000004 0.05625
0 0.5078125 0.5197916666666667 0.059375000000000004 0.06458333333333333
0 0.48828125 0.6083333333333333 0.0546875 0.07083333333333333
0 0.59609375 0.8010416666666667 0.035937500000000004 0.05625
0 0.64609375 0.8729166666666667 0.0390625 0.05416666666666667
0 0.56015625 0.809375 0.0328125 0.06041666666666667
0 0.7445312500000001 0.6572916666666666 0.051562500000000004 0.07708333333333334
