0 0.66015625 0.496875 0.1046875 0.13125
0 0.4421875 0.6958333333333333 0.1125 0.14583333333333334
0 0.2171875 0.40208333333333335 0.109375 0.14166666666666666
0 0.125 0.08125 0.1 0.12083333333333333
0 0.86484375 0.615625 0.0578125 0.07291666666666667
0 0.8828125 0.5447916666666667 0.043750000000000004 0.05625
0 0.7445312500000001 0.8468749999999999 0.0546875 0.07291666666666667
0 0.359375 0.9291666666666667 0.059375000000000004 0.0875
0 0.41484375 0.9093749999999999 0.0484375 0.08541666666666667
0 0.040625 0.26875 0.08125 0.1625
0 0.125 0.225 0.10625000000000001 0.12083333333333333
0 0.09843750000000001 0.39791666666666664 0.09375 0.12916666666666665
0 0.20078125000000002 0.3208333333333333 0.1046875 0.10833333333333334
0 0.6273437500000001 0.29791666666666666 0.06406250000000001 0.12916666666666665
0 0.5164062500000001 0.5010416666666666 0.0578125 0.06875
0 0.6125 0.778125 0.03125 0.052083333333333336
0 0.59609375 0.6572916666666666 0.0484375 0.05625
0 0.8679687500000001 0.8385416666666666 0.051562500000000004 0.06458333333333333
0 0.94296875 0.7447916666666666 0.0390625 0.06875
0 0.63671875 0.42083333333333334 0.051562500000000004 0.058333333333333334
0 0.67109375 0.8260416666666667 0.0390625 0.052083333333333336
0 0.8304687500000001 0.9572916666666667 0.0390625 0.052083333333333336
