0 0.2859375 0.9208333333333333 0.05 0.0625
0 0.5703125 0.975 0.040625 0.04583333333333333
0 0.6062500000000001 0.9572916666666667 0.034375 0.052083333333333336
0 0.4625 0.8781249999999999 0.034375 0.06041666666666667
0 0.1296875 0.7604166666666666 0.034375 0.04583333333333333
0 0.032031250000000004 0.64375 0.029687500000000002 0.05
0 0.096875 0.6520833333333333 0.03125 0.041666666666666664
0 0.09843750000000001 0.8083333333333333 0.028125 0.041666666666666664
0 0.1640625 0.9416666666666667 0.028125 0.041666666666666664
0 0.13515625 0.915625 0.0234375 0.035416666666666666
0 0.02421875 0.8541666666666666 0.026562500000000003 0.041666666666666664
