0 0.521875 0.6364583333333333 0.09375 0.12291666666666666
0 0.72578125 0.46458333333333335 0.09531250000000001 0.12083333333333333
0 0.9765625 0.528125 0.043750000000000004 0.07291666666666667
0 0.97265625 0.6458333333333334 0.051562500000000004 0.07083333333333333
0 0.90625 0.9489583333333333 0.05625 0.08125
0 0.80390625 0.8010416666666667 0.0546875 0.07291666666666667
0 0.34296875000000004 0.38229166666666664 0.0859375 0.11875
0 0.17734375000000002 0.2916666666666667 0.09843750000000001 0.14583333333333334
0 0.2578125 0.109375 0.08125 0.10625
0 0.2625 0.24166666666666667 0.08750000000000001 0.12083333333333333
0 0.2421875 0.38645833333333335 0.07500000000000001 0.11458333333333333
0 0.33046875000000003 0.30625 0.07968750000000001 0.0875
0 0.7054687500000001 0.265625 0.060937500000000006 0.11458333333333333
0 0.7453125 0.35520833333333335 0.040625 0.05625
0 0.859375 0.5322916666666666 0.043750000000000004 0.06458333333333333
0 0.8500000000000001 0.759375 0.046875 0.06875
0 0.728125 0.6833333333333333 0.037500000000000006 0.05
0 0.69453125 0.6947916666666667 0.029687500000000002 0.04791666666666666
0 0.48281250000000003 0.8125 0.046875 0.07083333333333333
0 0.53359375 0.8010416666666667 0.0421875 0.06875
0 0.46875 0.9322916666666666 0.043750000000000004 0.06875
0 0.16796875 0.6395833333333333 0.0578125 0.10833333333333334
0 0.25234375000000003 0.715625 0.029687500000000002 0.06458333333333333
