0 0.6898437500000001 0.47291666666666665 0.0671875 0.09166666666666666
0 0.96484375 0.3208333333333333 0.0671875 0.125
0 0.6882812500000001 0.21354166666666666 0.0734375 0.09791666666666667
0 0.43046875 0.8624999999999999 0.07968750000000001 0.15416666666666667
0 0.1640625 0.590625 0.05 0.09791666666666667
0 0.5703125 0.3802083333333333 0.05 0.07291666666666667
0 0.5484375 0.39791666666666664 0.046875 0.06666666666666667
0 0.62890625 0.459375 0.0546875 0.06041666666666667
0 0.6484375 0.5322916666666666 0.07187500000000001 0.08958333333333333
0 0.81640625 0.615625 0.051562500000000004 0.07291666666666667
0 0.878125 0.4614583333333333 0.078125 0.08958333333333333
0 0.87265625 0.3770833333333333 0.06406250000000001 0.075
0 0.76484375 0.14479166666666665 0.060937500000000006 0.08958333333333333
0 0.9320312500000001 0.12916666666666665 0.06406250000000001 0.1125
0 0.82734375 0.16875 0.051562500000000004 0.075
0 0.484375 0.22708333333333333 0.059375000000000004 0.08333333333333333
0 0.3171875 0.37083333333333335 0.059375000000000004 0.09166666666666666
0 0.5671875000000001 0.175 0.05625 0.0625
0 0.6625000000000001 0.10208333333333333 0.05625 0.09166666666666666
0 0.59609375 0.23854166666666665 0.051562500000000004 0.06041666666666667
0 0.76875 0.03854166666666667 0.037500000000000006 0.07291666666666667
0 0.49140625000000004 0.7583333333333333 0.0671875 0.09166666666666666
