0 0.84296875 0.725 0.08281250000000001 0.1125
0 0.66953125 0.4666666666666667 0.0734375 0.1
0 0.7484375000000001 0.6916666666666667 0.09062500000000001 0.10833333333333334
0 0.96796875 0.775 0.0546875 0.06666666666666667
0 0.94140625 0.9604166666666667 0.0421875 0.058333333333333334
0 0.5164062500000001 0.953125 0.0734375 0.08958333333333333
0 0.47734375 0.671875 0.06406250000000001 0.09375
0 0.5453125 0.5729166666666666 0.07187500000000001 0.09166666666666666
0 0.54140625 0.6510416666666666 0.06406250000000001 0.07708333333333334
0 0.4421875 0.490625 0.065625 0.06875
0 0.41640625000000003 0.36666666666666664 0.051562500000000004 0.07083333333333333
0 0.48359375000000004 0.3520833333333333 0.0546875 0.07083333333333333
0 0.6640625 0.6885416666666666 0.053125000000000006 0.07291666666666667
0 0.58515625 0.884375 0.0734375 0.09375
0 0.70859375 0.8260416666666667 0.0703125 0.08541666666666667
0 0.47109375000000003 0.11770833333333333 0.051562500000000004 0.07291666666666667
0 0.52890625 0.084375 0.0578125 0.08541666666666667
0 0.83515625 0.20729166666666665 0.06406250000000001 0.10208333333333333
