0 0.34296875000000004 0.4739583333333333 0.1171875 0.16041666666666665
0 0.47890625000000003 0.5947916666666666 0.11406250000000001 0.16458333333333333
0 0.65625 0.834375 0.12812500000000002 0.16458333333333333
0 0.65234375 0.6 0.1265625 0.15833333333333333
0 0.7664062500000001 0.675 0.07968750000000001 0.1125
0 0.9554687500000001 0.7802083333333333 0.0765625 0.09375
0 0.9203125000000001 0.44895833333333335 0.109375 0.13125
0 0.5703125 0.4145833333333333 0.07187500000000001 0.09166666666666666
0 0.8234375 0.10520833333333333 0.07187500000000001 0.08125
0 0.9226562500000001 0.04479166666666667 0.0578125 0.08958333333333333
0 0.6000000000000001 0.12708333333333333 0.078125 0.08333333333333333
