0 0.28515625 0.43854166666666666 0.11093750000000001 0.14791666666666667
0 0.60859375 0.7135416666666666 0.1046875 0.16875
0 0.7312500000000001 0.71875 0.1 0.14583333333333334
0 0.9265625000000001 0.496875 0.05625 0.08125
0 0.7000000000000001 0.14166666666666666 0.078125 0.10833333333333334
0 0.24921875000000002 0.8708333333333333 0.09843750000000001 0.13333333333333333
0 0.49140625000000004 0.8770833333333333 0.09843750000000001 0.15
0 0.5796875 0.8645833333333334 0.0625 0.1
0 0.15781250000000002 0.43645833333333334 0.065625 0.10625
0 0.06875 0.409375 0.07500000000000001 0.11041666666666666
0 0.22578125000000002 0.3072916666666667 0.09843750000000001 0.10208333333333333
0 0.16640625 0.128125 0.09843750000000001 0.11041666666666666
0 0.41484375 0.2895833333333333 0.0765625 0.12083333333333333
0 0.584375 0.31145833333333334 0.05 0.09791666666666667
0 0.6890625 0.290625 0.07187500000000001 0.11875
0 0.91328125 0.371875 0.0671875 0.08958333333333333
