0 0.38906250000000003 0.45625 0.08125 0.1125
0 0.81953125 0.4510416666666667 0.09531250000000001 0.11458333333333333
0 0.82421875 0.8427083333333333 0.07968750000000001 0.11041666666666666
0 0.7289062500000001 0.6885416666666666 0.08281250000000001 0.11875
0 0.765625 0.7583333333333333 0.05625 0.07083333333333333
0 0.34375 0.94375 0.10312500000000001 0.10833333333333334
0 0.42031250000000003 0.8802083333333334 0.053125000000000006 0.06458333333333333
0 0.29140625000000003 0.75 0.11406250000000001 0.15416666666666667
0 0.039843750000000004 0.6729166666666666 0.07968750000000001 0.1
0 0.10546875 0.7520833333333333 0.0890625 0.12916666666666665
0 0.2109375 0.7395833333333334 0.065625 0.08333333333333333
0 0.321875 0.509375 0.07500000000000001 0.10208333333333333
0 0.39687500000000003 0.5614583333333333 0.065625 0.09791666666666667
0 0.44296875 0.590625 0.060937500000000006 0.10208333333333333
0 0.44375000000000003 0.23333333333333334 0.1 0.12916666666666665
0 0.40937500000000004 0.3458333333333333 0.078125 0.1
0 0.21406250000000002 0.12395833333333334 0.08750000000000001 0.13125
0 0.5164062500000001 0.15208333333333332 0.0890625 0.12083333333333333
0 0.54140625 0.3177083333333333 0.0765625 0.08541666666666667
0 0.603125 0.20729166666666665 0.06875 0.08541666666666667
