0 0.7664062500000001 0.6645833333333333 0.0734375 0.0875
0 0.8601562500000001 0.5302083333333333 0.0890625 0.10625
0 0.9304687500000001 0.49166666666666664 0.0765625 0.10416666666666667
0 0.67578125 0.3645833333333333 0.0671875 0.07916666666666666
0 0.38671875 0.9479166666666666 0.08281250000000001 0.1
0 0.3046875 0.703125 0.078125 0.11041666666666666
0 0.390625 0.6125 0.06875 0.1
0 0.48359375000000004 0.6895833333333333 0.0703125 0.08333333333333333
0 0.5046875000000001 0.7947916666666667 0.07187500000000001 0.09791666666666667
0 0.6828125 0.85 0.06875 0.1125
0 0.7703125000000001 0.7958333333333333 0.059375000000000004 0.07916666666666666
0 0.7171875000000001 0.7489583333333333 0.059375000000000004 0.06041666666666667
0 0.67578125 0.684375 0.0421875 0.06041666666666667
0 0.7875000000000001 0.5895833333333333 0.07500000000000001 0.075
0 0.8914062500000001 0.6208333333333333 0.0734375 0.08333333333333333
0 0.29609375 0.35625 0.0765625 0.10416666666666667
0 0.11640625 0.7833333333333333 0.0671875 0.09166666666666666
0 0.20546875 0.8229166666666666 0.0671875 0.0875
0 0.26015625000000003 0.25729166666666664 0.0421875 0.06041666666666667
0 0.22031250000000002 0.12708333333333333 0.043750000000000004 0.058333333333333334
0 0.15078125 0.11458333333333333 0.045312500000000006 0.058333333333333334
0 0.051562500000000004 0.271875 0.040625 0.06041666666666667
0 0.08046875 0.2520833333333333 0.0328125 0.04583333333333333
0 0.08203125 0.190625 0.0390625 0.05625
0 0.029687500000000002 0.17395833333333333 0.040625 0.04791666666666666
0 0.026562500000000003 0.22083333333333333 0.046875 0.05416666666666667
0 0.34140625 0.8104166666666667 0.08281250000000001 0.08333333333333333
