0 0.40078125000000003 0.18229166666666666 0.0921875 0.13541666666666666
0 0.8046875 0.4927083333333333 0.125 0.13958333333333334
0 0.7078125000000001 0.5041666666666667 0.05625 0.0625
0 0.30625 0.7052083333333333 0.0625 0.11458333333333333
0 0.27265625 0.5125 0.0703125 0.10833333333333334
0 0.30781250000000004 0.425 0.065625 0.09583333333333333
0 0.53046875 0.565625 0.0703125 0.12291666666666666
0 0.171875 0.603125 0.065625 0.07291666666666667
0 0.14609375 0.35520833333333335 0.0765625 0.11458333333333333
0 0.14609375 0.23333333333333334 0.0765625 0.10416666666666667
0 0.27734375 0.12291666666666666 0.0703125 0.09583333333333333
0 0.03515625 0.43645833333333334 0.0703125 0.16041666666666665
0 0.146875 0.5322916666666666 0.06875 0.06458333333333333
0 0.25 0.7885416666666667 0.065625 0.07708333333333334
