0 0.5085937500000001 0.2760416666666667 0.0671875 0.09375
0 0.7859375000000001 0.24479166666666666 0.037500000000000006 0.06041666666666667
0 0.80625 0.3208333333333333 0.037500000000000006 0.05
0 0.9085937500000001 0.915625 0.0734375 0.10208333333333333
0 0.5140625 0.86875 0.046875 0.07083333333333333
0 0.640625 0.5864583333333333 0.059375000000000004 0.08125
0 0.54296875 0.4895833333333333 0.0703125 0.09166666666666666
0 0.60546875 0.496875 0.045312500000000006 0.07291666666666667
0 0.026562500000000003 0.42291666666666666 0.040625 0.04583333333333333
0 0.06406250000000001 0.40729166666666666 0.037500000000000006 0.04791666666666666
0 0.045312500000000006 0.30833333333333335 0.040625 0.05
0 0.09453125000000001 0.18020833333333333 0.0390625 0.06041666666666667
0 0.30078125 0.17395833333333333 0.035937500000000004 0.052083333333333336
0 0.4234375 0.17291666666666666 0.043750000000000004 0.06666666666666667
0 0.29609375 0.25 0.0390625 0.058333333333333334
0 0.33984375 0.22291666666666665 0.035937500000000004 0.05
0 0.33437500000000003 0.128125 0.040625 0.052083333333333336
0 0.40234375 0.090625 0.0421875 0.06458333333333333
0 0.39375000000000004 0.01875 0.037500000000000006 0.0375
0 0.43203125000000003 0.01875 0.0421875 0.0375
0 0.67578125 0.434375 0.0578125 0.09375
0 0.49765625 0.653125 0.0671875 0.08125
0 0.521875 0.7208333333333333 0.065625 0.075
0 0.08046875 0.590625 0.0328125 0.03958333333333333
0 0.63203125 0.02395833333333333 0.035937500000000004 0.04791666666666666
0 0.87265625 0.7125 0.060937500000000006 0.08333333333333333
0 0.46484375 0.5208333333333334 0.0578125 0.07916666666666666
0 0.36875 0.5625 0.034375 0.05
0 0.21171875 0.75 0.026562500000000003 0.041666666666666664
0 0.20234375000000002 0.7833333333333333 0.026562500000000003 0.041666666666666664
0 0.15078125 0.784375 0.029687500000000002 0.035416666666666666
