0 0.48515625 0.3645833333333333 0.0921875 0.11666666666666667
0 0.6921875000000001 0.40729166666666666 0.109375 0.14375
0 0.728125 0.23645833333333333 0.1125 0.13958333333333334
0 0.8812500000000001 0.38958333333333334 0.109375 0.13333333333333333
0 0.92890625 0.4739583333333333 0.09531250000000001 0.09791666666666667
0 0.9484375 0.5625 0.1 0.12916666666666665
0 0.7117187500000001 0.640625 0.11093750000000001 0.12708333333333333
0 0.77734375 0.8979166666666667 0.1296875 0.15833333333333333
0 0.6335937500000001 0.903125 0.11406250000000001 0.16875
0 0.4578125 0.6145833333333334 0.10625000000000001 0.13333333333333333
0 0.40390625 0.6729166666666666 0.051562500000000004 0.075
0 0.39140625 0.765625 0.0578125 0.08125
0 0.415625 0.8177083333333334 0.043750000000000004 0.07291666666666667
0 0.34375 0.9229166666666666 0.08750000000000001 0.11666666666666667
0 0.42890625000000004 0.23229166666666667 0.0671875 0.08541666666666667
0 0.13046875 0.21562499999999998 0.0484375 0.06458333333333333
0 0.03828125 0.5083333333333333 0.051562500000000004 0.06666666666666667
0 0.06640625 0.565625 0.0421875 0.06458333333333333
0 0.16484375 0.5635416666666666 0.0421875 0.06041666666666667
0 0.07578125000000001 0.6458333333333334 0.045312500000000006 0.05416666666666667
0 0.10078125 0.8937499999999999 0.0328125 0.05
0 0.75390625 0.10833333333333334 0.0890625 0.10833333333333334
0 0.84296875 0.06145833333333333 0.1015625 0.12291666666666666
0 0.7609375 0.03229166666666666 0.096875 0.06458333333333333
0 0.36875 0.371875 0.05625 0.06458333333333333
0 0.10078125 0.37604166666666666 0.035937500000000004 0.04791666666666666
0 0.115625 0.271875 0.028125 0.04791666666666666
0 0.0890625 0.058333333333333334 0.040625 0.0625
0 0.29140625000000003 0.284375 0.029687500000000002 0.04791666666666666
0 0.42265625 0.14270833333333333 0.051562500000000004 0.052083333333333336
0 0.40703125 0.19895833333333332 0.045312500000000006 0.06041666666666667
0 0.11875000000000001 0.9302083333333333 0.028125 0.04791666666666666
0 0.6273437500000001 0.16354166666666667 0.0703125 0.10208333333333333
0 0.38984375000000004 0.45625 0.06406250000000001 0.08333333333333333
