0 0.7351562500000001 0.6125 0.1171875 0.15833333333333333
0 0.6703125000000001 0.8041666666666667 0.07187500000000001 0.1125
0 0.8265625000000001 0.8291666666666666 0.07187500000000001 0.09166666666666666
0 0.58984375 0.8 0.0671875 0.08333333333333333
0 0.43828125 0.075 0.045312500000000006 0.06666666666666667
0 0.4703125 0.06770833333333333 0.040625 0.052083333333333336
0 0.47109375000000003 0.019791666666666666 0.0421875 0.03958333333333333
0 0.5515625000000001 0.18541666666666667 0.043750000000000004 0.0625
0 0.6000000000000001 0.240625 0.043750000000000004 0.06875
0 0.6468750000000001 0.4322916666666667 0.084375 0.09375
0 0.821875 0.49583333333333335 0.08125 0.0875
0 0.0125 0.44479166666666664 0.025 0.08125
0 0.13203125000000002 0.4197916666666667 0.0703125 0.10208333333333333
0 0.04453125 0.5020833333333333 0.060937500000000006 0.075
0 0.11171875 0.7135416666666666 0.051562500000000004 0.05625
0 0.39609375 0.209375 0.045312500000000006 0.06041666666666667
0 0.36328125 0.11666666666666667 0.045312500000000006 0.058333333333333334
0 0.43046875 0.14270833333333333 0.0421875 0.06041666666666667
0 0.18515625000000002 0.30833333333333335 0.0421875 0.05416666666666667
0 0.45937500000000003 0.2125 0.043750000000000004 0.05416666666666667
