0 0.6976562500000001 0.54375 0.15156250000000002 0.19583333333333333
0 0.56484375 0.725 0.1234375 0.2
0 0.6937500000000001 0.7770833333333333 0.12812500000000002 0.19583333333333333
0 0.81953125 0.8 0.1703125 0.24166666666666667
0 0.77890625 0.10729166666666666 0.1640625 0.21458333333333332
0 0.26953125 0.571875 0.0765625 0.10208333333333333
0 0.049218750000000006 0.6979166666666666 0.09843750000000001 0.125
0 0.1546875 0.8291666666666666 0.078125 0.1125
0 0.16640625 0.7427083333333333 0.0765625 0.08541666666666667
0 0.040625 0.49166666666666664 0.08125 0.11666666666666667
0 0.35390625000000003 0.440625 0.045312500000000006 0.08125
0 0.15546875000000002 0.259375 0.07968750000000001 0.11041666666666666
0 0.065625 0.34270833333333334 0.06875 0.10208333333333333
0 0.1421875 0.159375 0.05625 0.08125
0 0.25234375000000003 0.04583333333333333 0.0703125 0.09166666666666666
0 0.6742187500000001 0.11354166666666667 0.0484375 0.07708333333333334
0 0.6843750000000001 0.19375 0.040625 0.058333333333333334
0 0.96875 0.3177083333333333 0.059375000000000004 0.24791666666666667
0 0.6507812500000001 0.315625 0.060937500000000006 0.08125
0 0.59296875 0.17291666666666666 0.051562500000000004 0.075
0 0.6117187500000001 0.228125 0.051562500000000004 0.06458333333333333
0 0.28359375000000003 0.3572916666666667 0.0703125 0.09375
0 0.7781250000000001 0.4583333333333333 0.053125000000000006 0.07083333333333333
