0 0.66953125 0.634375 0.07968750000000001 0.09375
0 0.7578125 0.9395833333333333 0.07187500000000001 0.1
0 0.49062500000000003 0.896875 0.06875 0.09791666666666667
0 0.51796875 0.9708333333333333 0.0703125 0.05416666666666667
0 0.5734375 0.8510416666666667 0.06875 0.10208333333333333
0 0.6000000000000001 0.696875 0.0625 0.08541666666666667
0 0.6703125000000001 0.4947916666666667 0.07187500000000001 0.07708333333333334
0 0.7734375 0.4145833333333333 0.06875 0.0875
0 0.71015625 0.3364583333333333 0.06406250000000001 0.08541666666666667
0 0.83203125 0.37083333333333335 0.0578125 0.07916666666666666
0 0.6359375 0.09375 0.046875 0.075
0 0.7859375000000001 0.6958333333333333 0.059375000000000004 0.07083333333333333
