0 0.3015625 0.6770833333333334 0.084375 0.1125
0 0.19765625 0.6166666666666667 0.0859375 0.10833333333333334
0 0.215625 0.7822916666666666 0.08125 0.10625
0 0.2390625 0.8739583333333333 0.0625 0.08125
0 0.81796875 0.784375 0.0890625 0.10625
0 0.9007812500000001 0.921875 0.0859375 0.09791666666666667
0 0.9125000000000001 0.596875 0.1 0.10625
0 0.66328125 0.4479166666666667 0.051562500000000004 0.07916666666666666
0 0.70234375 0.47604166666666664 0.045312500000000006 0.07291666666666667
0 0.8187500000000001 0.3802083333333333 0.08125 0.11041666666666666
0 0.35859375000000004 0.47604166666666664 0.0734375 0.10208333333333333
0 0.403125 0.6145833333333334 0.065625 0.08333333333333333
0 0.56875 0.26875 0.046875 0.058333333333333334
0 0.20390625 0.3333333333333333 0.0546875 0.06666666666666667
0 0.23828125 0.4479166666666667 0.045312500000000006 0.05
0 0.24453125 0.5010416666666666 0.035937500000000004 0.04791666666666666
0 0.278125 0.253125 0.028125 0.04791666666666666
0 0.853125 0.08020833333333333 0.07500000000000001 0.08958333333333333
0 0.878125 0.17604166666666665 0.05625 0.05625
0 0.40546875000000004 0.22916666666666666 0.035937500000000004 0.05
0 0.43828125 0.04583333333333333 0.051562500000000004 0.07083333333333333
0 0.5078125 0.11145833333333333 0.053125000000000006 0.052083333333333336
0 0.6117187500000001 0.096875 0.0390625 0.06875
0 0.7210937500000001 0.6614583333333334 0.035937500000000004 0.06041666666666667
0 0.9703125 0.853125 0.05625 0.07291666666666667
0 0.78046875 0.035416666666666666 0.0671875 0.07083333333333333
0 0.734375 0.10416666666666667 0.037500000000000006 0.041666666666666664
0 0.5015625 0.19583333333333333 0.037500000000000006 0.05
