0 0.765625 0.63125 0.125 0.1625
0 0.84296875 0.45416666666666666 0.13593750000000002 0.15416666666666667
0 0.6648437500000001 0.453125 0.11406250000000001 0.14791666666666667
0 0.5476562500000001 0.38958333333333334 0.1234375 0.16666666666666666
0 0.6734375 0.23958333333333334 0.115625 0.15833333333333333
0 0.5789062500000001 0.09895833333333333 0.0921875 0.13125
0 0.5164062500000001 0.07604166666666666 0.06406250000000001 0.11458333333333333
0 0.28984375 0.4895833333333333 0.0328125 0.04583333333333333
0 0.38203125000000004 0.10104166666666667 0.0390625 0.05625
0 0.375 0.17291666666666666 0.037500000000000006 0.058333333333333334
0 0.30859375 0.4354166666666667 0.035937500000000004 0.04583333333333333
0 0.92578125 0.7979166666666666 0.0890625 0.1
0 0.86484375 0.315625 0.0734375 0.09375
