0 0.9460937500000001 0.5114583333333333 0.1046875 0.14375
0 0.77265625 0.8312499999999999 0.1046875 0.1375
0 0.7546875000000001 0.9510416666666667 0.115625 0.09375
0 0.90234375 0.80625 0.09843750000000001 0.1375
0 0.20234375000000002 0.740625 0.0546875 0.06041666666666667
0 0.49296875 0.409375 0.0328125 0.03958333333333333
0 0.66796875 0.7447916666666666 0.0734375 0.09791666666666667
0 0.61875 0.7822916666666666 0.09062500000000001 0.10625
0 0.603125 0.8583333333333333 0.08125 0.09166666666666666
0 0.64453125 0.9708333333333333 0.0578125 0.05416666666666667
0 0.25703125 0.7666666666666666 0.0546875 0.06666666666666667
0 0.22187500000000002 0.9645833333333333 0.065625 0.06666666666666667
0 0.19296875000000002 0.8729166666666667 0.0484375 0.0625
0 0.0921875 0.5729166666666666 0.037500000000000006 0.05
0 0.0546875 0.5010416666666666 0.040625 0.06041666666666667
0 0.01171875 0.5010416666666666 0.0234375 0.06458333333333333
0 0.08203125 0.4458333333333333 0.0421875 0.0625
0 0.10703125000000001 0.21875 0.035937500000000004 0.04583333333333333
0 0.43671875000000004 0.5729166666666666 0.0328125 0.05
0 0.4859375 0.4510416666666667 0.03125 0.035416666666666666
0 0.5007812500000001 0.6 0.029687500000000002 0.041666666666666664
0 0.578125 0.634375 0.03125 0.052083333333333336
0 0.86328125 0.7125 0.051562500000000004 0.07083333333333333
0 0.8796875000000001 0.6489583333333333 0.046875 0.07291666666666667
0 0.29453125 0.721875 0.0390625 0.052083333333333336
0 0.31328125 0.675 0.045312500000000006 0.05416666666666667
0 0.5359375000000001 0.3489583333333333 0.037500000000000006 0.04791666666666666
0 0.59296875 0.49895833333333334 0.0390625 0.04791666666666666
0 0.5515625000000001 0.6489583333333333 0.034375 0.05625
0 0.51015625 0.7166666666666667 0.0328125 0.05
0 0.78515625 0.6604166666666667 0.060937500000000006 0.08333333333333333
0 0.03828125 0.07708333333333334 0.045312500000000006 0.058333333333333334
