0 0.434375 0.4875 0.059375000000000004 0.07916666666666666
0 0.34687500000000004 0.7104166666666667 0.059375000000000004 0.075
0 0.36328125 0.9666666666666667 0.0578125 0.0625
0 0.1203125 0.4895833333333333 0.037500000000000006 0.05416666666666667
0 0.17109375000000002 0.484375 0.0421875 0.04791666666666666
0 0.1609375 0.43333333333333335 0.037500000000000006 0.041666666666666664
0 0.19609375 0.38958333333333334 0.0421875 0.05416666666666667
0 0.29375 0.7302083333333333 0.046875 0.052083333333333336
0 0.30625 0.7916666666666666 0.05625 0.0625
0 0.321875 0.8635416666666667 0.05 0.06875
0 0.37031250000000004 0.8322916666666667 0.046875 0.06041666666666667
0 0.16718750000000002 0.8791666666666667 0.053125000000000006 0.06666666666666667
0 0.17890625000000002 0.7520833333333333 0.051562500000000004 0.0625
