0 0.584375 0.5114583333333333 0.046875 0.06458333333333333
0 0.375 0.571875 0.046875 0.06458333333333333
0 0.3125 0.5541666666666667 0.05 0.07083333333333333
0 0.37421875000000004 0.5083333333333333 0.045312500000000006 0.07083333333333333
0 0.43125 0.46458333333333335 0.043750000000000004 0.06666666666666667
0 0.48359375000000004 0.496875 0.045312500000000006 0.06041666666666667
0 0.51875 0.6364583333333333 0.043750000000000004 0.06458333333333333
0 0.55234375 0.7635416666666667 0.0546875 0.07291666666666667
0 0.50703125 0.8197916666666667 0.0390625 0.05625
0 0.328125 0.271875 0.03125 0.04375
0 0.240625 0.2760416666666667 0.03125 0.03958333333333333
0 0.43046875 0.30625 0.0484375 0.058333333333333334
0 0.32265625000000003 0.6083333333333333 0.045312500000000006 0.05416666666666667
0 0.58515625 0.43124999999999997 0.0203125 0.03333333333333333
0 0.7109375 0.6020833333333333 0.040625 0.04583333333333333
0 0.44375000000000003 0.7989583333333333 0.034375 0.05625
0 0.59921875 0.4395833333333333 0.0203125 0.029166666666666667
0 0.08046875 0.284375 0.026562500000000003 0.03125
0 0.4265625 0.5270833333333333 0.040625 0.041666666666666664
