0 0.15234375 0.6666666666666666 0.0546875 0.07083333333333333
0 0.19375 0.959375 0.059375000000000004 0.07708333333333334
0 0.12109375 0.8458333333333333 0.051562500000000004 0.07916666666666666
0 0.035937500000000004 0.7104166666666667 0.05625 0.075
0 0.7765625 0.834375 0.034375 0.04375
0 0.44375000000000003 0.6229166666666667 0.040625 0.04583333333333333
0 0.5984375000000001 0.7552083333333334 0.03125 0.04375
0 0.44453125000000004 0.6760416666666667 0.035937500000000004 0.04375
0 0.1046875 0.41770833333333335 0.034375 0.04375
0 0.06171875 0.43333333333333335 0.035937500000000004 0.0375
0 0.12265625000000001 0.4427083333333333 0.0203125 0.03125
0 0.16640625 0.521875 0.029687500000000002 0.035416666666666666
