0 0.6687500000000001 0.4614583333333333 0.140625 0.19791666666666666
0 0.7421875 0.5416666666666666 0.1125 0.14583333333333334
0 0.703125 0.6927083333333334 0.1 0.13958333333333334
0 0.9554687500000001 0.49166666666666664 0.0859375 0.12916666666666665
0 0.60703125 0.146875 0.11406250000000001 0.16041666666666665
0 0.7289062500000001 0.09375 0.1015625 0.14166666666666666
0 0.84921875 0.296875 0.1296875 0.16041666666666665
0 0.91953125 0.31354166666666666 0.0890625 0.14375
0 0.19609375 0.4583333333333333 0.051562500000000004 0.0625
0 0.1609375 0.4166666666666667 0.040625 0.058333333333333334
0 0.05 0.5677083333333334 0.059375000000000004 0.07291666666666667
0 0.23593750000000002 0.2760416666666667 0.05 0.06875
0 0.49843750000000003 0.859375 0.053125000000000006 0.08958333333333333
0 0.5203125000000001 0.7927083333333333 0.0625 0.08958333333333333
