0 0.48671875000000003 0.23541666666666666 0.06406250000000001 0.1
0 0.51328125 0.11666666666666667 0.0671875 0.10416666666666667
0 0.5242187500000001 0.030208333333333334 0.0578125 0.06041666666666667
0 0.63984375 0.2 0.0734375 0.10416666666666667
0 0.84140625 0.4322916666666667 0.09531250000000001 0.11875
0 0.9281250000000001 0.884375 0.08125 0.09791666666666667
0 0.9750000000000001 0.6375 0.046875 0.0875
0 0.9070312500000001 0.42916666666666664 0.0703125 0.10416666666666667
0 0.96484375 0.49166666666666664 0.0671875 0.10416666666666667
0 0.8695312500000001 0.5322916666666666 0.08281250000000001 0.10208333333333333
0 0.7835937500000001 0.6645833333333333 0.0671875 0.09166666666666666
0 0.946875 0.3375 0.078125 0.10416666666666667
0 0.7835937500000001 0.22395833333333334 0.0578125 0.07291666666666667
0 0.81953125 0.32916666666666666 0.08281250000000001 0.10416666666666667
0 0.2609375 0.6 0.028125 0.041666666666666664
0 0.30703125000000003 0.75 0.0328125 0.04583333333333333
0 0.27734375 0.809375 0.029687500000000002 0.052083333333333336
0 0.29921875000000003 0.440625 0.0390625 0.06875
0 0.5281250000000001 0.3302083333333333 0.043750000000000004 0.06875
