0 0.61484375 0.6770833333333334 0.1171875 0.15833333333333333
0 0.5437500000000001 0.6770833333333334 0.08750000000000001 0.14583333333333334
0 0.5984375000000001 0.5510416666666667 0.08750000000000001 0.12708333333333333
0 0.7585937500000001 0.8927083333333333 0.09843750000000001 0.12708333333333333
0 0.8500000000000001 0.8864583333333333 0.09375 0.14791666666666667
0 0.7468750000000001 0.9760416666666667 0.08750000000000001 0.04375
0 0.3609375 0.365625 0.05 0.06875
0 0.36250000000000004 0.27708333333333335 0.05 0.06666666666666667
0 0.240625 0.04375 0.03125 0.05
0 0.15390625000000002 0.515625 0.0234375 0.035416666666666666
0 0.18515625000000002 0.5125 0.0234375 0.029166666666666667
0 0.171875 0.5520833333333334 0.03125 0.03333333333333333
0 0.0734375 0.5854166666666667 0.028125 0.0375
0 0.1015625 0.584375 0.028125 0.035416666666666666
0 0.07500000000000001 0.6302083333333334 0.025 0.03958333333333333
0 0.134375 0.6260416666666666 0.028125 0.03125
0 0.19765625 0.759375 0.026562500000000003 0.03958333333333333
