0 0.44765625000000003 0.8104166666666667 0.1046875 0.15833333333333333
0 0.6062500000000001 0.9645833333333333 0.09375 0.06666666666666667
0 0.70078125 0.95 0.08281250000000001 0.09583333333333333
0 0.4453125 0.671875 0.08125 0.12291666666666666
0 0.3875 0.8010416666666667 0.08125 0.13958333333333334
0 0.225 0.4875 0.043750000000000004 0.06666666666666667
0 0.215625 0.3958333333333333 0.034375 0.05416666666666667
0 0.39765625000000004 0.28020833333333334 0.026562500000000003 0.035416666666666666
0 0.41796875 0.321875 0.0234375 0.035416666666666666
0 0.059375000000000004 0.678125 0.028125 0.03958333333333333
0 0.039843750000000004 0.640625 0.029687500000000002 0.03958333333333333
0 0.07421875 0.6333333333333333 0.026562500000000003 0.0375
0 0.047656250000000004 0.06354166666666666 0.0578125 0.07708333333333334
0 0.21171875 0.12083333333333333 0.060937500000000006 0.08333333333333333
0 0.2328125 0.190625 0.05 0.06875
0 0.1046875 0.3208333333333333 0.03125 0.041666666666666664
0 0.16796875 0.30416666666666664 0.0390625 0.0625
0 0.10234375000000001 0.8854166666666666 0.0234375 0.03333333333333333
0 0.022656250000000003 0.7625 0.0328125 0.041666666666666664
0 0.79453125 0.81875 0.029687500000000002 0.041666666666666664
