0 0.24296875 0.6354166666666666 0.09531250000000001 0.10833333333333334
0 0.24375000000000002 0.7020833333333333 0.08125 0.06666666666666667
0 0.140625 0.7791666666666667 0.037500000000000006 0.058333333333333334
0 0.184375 0.7864583333333334 0.040625 0.06041666666666667
0 0.20078125000000002 0.8989583333333333 0.0578125 0.06041666666666667
0 0.31484375000000003 0.76875 0.029687500000000002 0.0375
0 0.33203125 0.809375 0.0234375 0.035416666666666666
0 0.08125 0.04583333333333333 0.09062500000000001 0.09166666666666666
0 0.62265625 0.621875 0.0421875 0.06041666666666667
0 0.6156250000000001 0.5625 0.053125000000000006 0.058333333333333334
0 0.01171875 0.8239583333333333 0.0234375 0.07291666666666667
