0 0.39687500000000003 0.4791666666666667 0.08125 0.09583333333333333
0 0.38515625000000003 0.5416666666666666 0.06406250000000001 0.07083333333333333
0 0.0703125 0.5260416666666666 0.059375000000000004 0.07708333333333334
0 0.029687500000000002 0.3416666666666667 0.040625 0.0625
0 0.16015625 0.3614583333333333 0.0390625 0.04791666666666666
0 0.22109375 0.6020833333333333 0.0578125 0.058333333333333334
0 0.2265625 0.6729166666666666 0.05 0.06666666666666667
0 0.59375 0.5677083333333334 0.028125 0.03958333333333333
0 0.6390625000000001 0.5270833333333333 0.028125 0.041666666666666664
0 0.6578125 0.49583333333333335 0.021875000000000002 0.0375
0 0.70859375 0.49895833333333334 0.0328125 0.052083333333333336
0 0.44140625 0.42083333333333334 0.029687500000000002 0.0375
