0 0.5984375000000001 0.26458333333333334 0.09062500000000001 0.1375
0 0.9546875 0.44166666666666665 0.08750000000000001 0.15
0 0.93515625 0.6302083333333334 0.1171875 0.15208333333333332
0 0.953125 0.9333333333333333 0.09062500000000001 0.12916666666666665
0 0.7703125000000001 0.6114583333333333 0.09062500000000001 0.11875
0 0.76328125 0.4875 0.1015625 0.12083333333333333
0 0.7132812500000001 0.38229166666666664 0.1015625 0.11458333333333333
0 0.45156250000000003 0.5104166666666666 0.065625 0.08333333333333333
0 0.4421875 0.4166666666666667 0.0625 0.075
0 0.40546875000000004 0.4614583333333333 0.0421875 0.05625
0 0.29375 0.7614583333333333 0.05 0.06458333333333333
0 0.6390625000000001 0.109375 0.08125 0.13125
0 0.35781250000000003 0.37083333333333335 0.05625 0.0875
0 0.4109375 0.3541666666666667 0.0625 0.0875
