0 0.43515625 0.5958333333333333 0.07968750000000001 0.09166666666666666
0 0.5125000000000001 0.6125 0.084375 0.09583333333333333
0 0.83203125 0.9427083333333334 0.1453125 0.11041666666666666
0 0.6046875 0.821875 0.084375 0.10625
0 0.57578125 0.42291666666666666 0.0765625 0.09166666666666666
0 0.7273437500000001 0.3885416666666667 0.06406250000000001 0.07708333333333334
0 0.7265625 0.48020833333333335 0.07187500000000001 0.08125
0 0.71640625 0.5458333333333333 0.045312500000000006 0.058333333333333334
0 0.6804687500000001 0.5020833333333333 0.0421875 0.058333333333333334
0 0.7953125000000001 0.4770833333333333 0.05625 0.075
0 0.8484375000000001 0.45625 0.043750000000000004 0.0625
0 0.8203125 0.36354166666666665 0.05625 0.07291666666666667
0 0.85546875 0.309375 0.045312500000000006 0.06458333333333333
0 0.63046875 0.240625 0.0734375 0.10625
0 0.2609375 0.057291666666666664 0.05 0.06041666666666667
0 0.25234375000000003 0.12708333333333333 0.051562500000000004 0.0625
0 0.37734375000000003 0.09791666666666667 0.0421875 0.05416666666666667
0 0.39687500000000003 0.17604166666666665 0.043750000000000004 0.06041666666666667
0 0.3484375 0.19583333333333333 0.037500000000000006 0.058333333333333334
0 0.5437500000000001 0.8020833333333334 0.05 0.09166666666666666
