0 0.57734375 0.6625 0.16718750000000002 0.22083333333333333
0 0.453125 0.9666666666666667 0.11875000000000001 0.0625
0 0.1765625 0.5479166666666666 0.115625 0.1375
0 0.11406250000000001 0.6479166666666667 0.1125 0.13333333333333333
0 0.34218750000000003 0.6802083333333333 0.109375 0.11458333333333333
0 0.34609375000000003 0.8052083333333333 0.1015625 0.13125
0 0.83359375 0.5822916666666667 0.0671875 0.08125
0 0.89609375 0.4635416666666667 0.0546875 0.10208333333333333
0 0.41796875 0.4 0.060937500000000006 0.08333333333333333
0 0.51328125 0.4864583333333333 0.045312500000000006 0.06458333333333333
0 0.30312500000000003 0.9 0.0625 0.07916666666666666
