0 0.44921875 0.709375 0.060937500000000006 0.08125
0 0.5140625 0.6010416666666667 0.065625 0.09375
0 0.45 0.5572916666666666 0.043750000000000004 0.06041666666666667
0 0.8078125 0.2635416666666667 0.053125000000000006 0.09375
0 0.9046875000000001 0.1625 0.07500000000000001 0.0875
0 0.42500000000000004 0.271875 0.05 0.06458333333333333
0 0.3640625 0.47604166666666664 0.046875 0.052083333333333336
0 0.31328125 0.49583333333333335 0.0390625 0.07083333333333333
0 0.40078125000000003 0.39166666666666666 0.0484375 0.06666666666666667
0 0.503125 0.3729166666666667 0.05 0.058333333333333334
0 0.15156250000000002 0.153125 0.040625 0.04791666666666666
0 0.14921875 0.20625 0.0390625 0.04583333333333333
0 0.859375 0.790625 0.05625 0.07708333333333334
