0 0.6578125 0.71875 0.08750000000000001 0.1125
0 0.7117187500000001 0.790625 0.060937500000000006 0.07708333333333334
0 0.7578125 0.6708333333333333 0.065625 0.09166666666666666
0 0.86875 0.540625 0.07500000000000001 0.06875
0 0.51171875 0.5166666666666666 0.060937500000000006 0.09166666666666666
0 0.62421875 0.428125 0.0546875 0.07708333333333334
0 0.48203125 0.4239583333333333 0.0328125 0.04791666666666666
0 0.42421875000000003 0.359375 0.08281250000000001 0.11041666666666666
0 0.37890625 0.16770833333333332 0.0390625 0.052083333333333336
0 0.38593750000000004 0.26979166666666665 0.037500000000000006 0.04791666666666666
0 0.0859375 0.421875 0.037500000000000006 0.052083333333333336
0 0.6414062500000001 0.24270833333333333 0.0390625 0.052083333333333336
0 0.35234375 0.03958333333333333 0.0390625 0.05416666666666667
0 0.9593750000000001 0.2677083333333333 0.03125 0.04375
