0 0.8679687500000001 0.40520833333333334 0.20468750000000002 0.26458333333333334
0 0.60078125 0.46979166666666666 0.0765625 0.09375
0 0.30546875 0.3572916666666667 0.0671875 0.08125
0 0.25078125 0.24895833333333334 0.060937500000000006 0.08125
0 0.34140625 0.20208333333333334 0.07968750000000001 0.10833333333333334
0 0.53046875 0.11770833333333333 0.0546875 0.07708333333333334
0 0.496875 0.17291666666666666 0.040625 0.058333333333333334
0 0.38984375000000004 0.628125 0.029687500000000002 0.04375
0 0.35390625000000003 0.5885416666666666 0.035937500000000004 0.04791666666666666
0 0.27187500000000003 0.596875 0.05 0.06458333333333333
0 0.14765625000000002 0.7135416666666666 0.035937500000000004 0.05625
0 0.3796875 0.7177083333333333 0.040625 0.06458333333333333
