0 0.76171875 0.8885416666666667 0.1078125 0.13958333333333334
0 0.86484375 0.7052083333333333 0.09531250000000001 0.11458333333333333
0 0.7859375000000001 0.646875 0.084375 0.12708333333333333
0 0.828125 0.56875 0.078125 0.09166666666666666
0 0.86328125 0.45729166666666665 0.09531250000000001 0.11875
0 0.7562500000000001 0.43645833333333334 0.065625 0.08541666666666667
0 0.7429687500000001 0.5333333333333333 0.0734375 0.09583333333333333
0 0.6546875000000001 0.6177083333333333 0.0625 0.08125
0 0.5859375 0.5270833333333333 0.046875 0.075
0 0.6507812500000001 0.5260416666666666 0.060937500000000006 0.08541666666666667
0 0.5484375 0.428125 0.053125000000000006 0.07291666666666667
0 0.5632812500000001 0.32708333333333334 0.051562500000000004 0.07083333333333333
0 0.6015625 0.3208333333333333 0.046875 0.075
0 0.7289062500000001 0.20625 0.0390625 0.05416666666666667
0 0.6820312500000001 0.184375 0.029687500000000002 0.03958333333333333
0 0.86640625 0.3145833333333333 0.035937500000000004 0.04583333333333333
0 0.5765625 0.79375 0.034375 0.05416666666666667
0 0.45703125 0.40729166666666666 0.035937500000000004 0.052083333333333336
0 0.47109375000000003 0.38645833333333335 0.0328125 0.04791666666666666
0 0.8515625 0.21770833333333334 0.037500000000000006 0.04791666666666666
