0 0.5078125 0.6291666666666667 0.065625 0.08333333333333333
0 0.51328125 0.4427083333333333 0.07968750000000001 0.10625
0 0.6359375 0.9239583333333333 0.05 0.07291666666666667
0 0.9265625000000001 0.9333333333333333 0.05 0.058333333333333334
0 0.7312500000000001 0.859375 0.040625 0.05625
0 0.41640625000000003 0.8552083333333333 0.060937500000000006 0.10625
0 0.13593750000000002 0.31354166666666666 0.059375000000000004 0.07291666666666667
0 0.05 0.265625 0.046875 0.06041666666666667
0 0.92109375 0.8083333333333333 0.0546875 0.06666666666666667
0 0.9671875000000001 0.6260416666666666 0.037500000000000006 0.04791666666666666
0 0.97421875 0.5677083333333334 0.0421875 0.04791666666666666
0 0.815625 0.5364583333333334 0.025 0.03125
0 0.8210937500000001 0.5989583333333334 0.029687500000000002 0.035416666666666666
0 0.9187500000000001 0.484375 0.037500000000000006 0.04375
0 0.9750000000000001 0.28541666666666665 0.03125 0.041666666666666664
0 0.96015625 0.3333333333333333 0.026562500000000003 0.041666666666666664
0 0.5164062500000001 0.2791666666666667 0.0546875 0.06666666666666667
