0 0.62421875 0.8072916666666666 0.09531250000000001 0.13125
0 0.4 0.8979166666666667 0.06875 0.0875
0 0.55234375 0.559375 0.060937500000000006 0.08958333333333333
0 0.62109375 0.4947916666666667 0.0671875 0.10625
0 0.6890625 0.7625 0.07500000000000001 0.10833333333333334
0 0.8617187500000001 0.6875 0.1390625 0.18333333333333332
0 0.86875 0.809375 0.07187500000000001 0.08541666666666667
0 0.97265625 0.8875 0.051562500000000004 0.13333333333333333
0 0.875 0.49583333333333335 0.11875000000000001 0.15833333333333333
0 0.9148437500000001 0.20104166666666667 0.1015625 0.13125
0 0.94296875 0.3364583333333333 0.11093750000000001 0.13958333333333334
