0 0.21953125 0.2791666666666667 0.1234375 0.16666666666666666
0 0.08750000000000001 0.76875 0.09375 0.12083333333333333
0 0.178125 0.9364583333333333 0.06875 0.12291666666666666
0 0.56015625 0.8312499999999999 0.09531250000000001 0.14166666666666666
0 0.5320312500000001 0.384375 0.0671875 0.09791666666666667
0 0.5484375 0.19479166666666667 0.084375 0.12708333333333333
0 0.48515625 0.03229166666666666 0.0890625 0.06458333333333333
0 0.5945312500000001 0.13645833333333332 0.045312500000000006 0.11458333333333333
0 0.93515625 0.290625 0.1265625 0.17708333333333334
0 0.6648437500000001 0.39166666666666666 0.09843750000000001 0.14583333333333334
0 0.67890625 0.29270833333333335 0.09531250000000001 0.11041666666666666
0 0.6984375 0.81875 0.043750000000000004 0.06666666666666667
