0 0.759375 0.8208333333333333 0.06875 0.0875
0 0.45625000000000004 0.8166666666666667 0.0625 0.08333333333333333
0 0.24453125 0.7135416666666666 0.1046875 0.11875
0 0.290625 0.7895833333333333 0.040625 0.06666666666666667
0 0.26328125 0.10104166666666667 0.07968750000000001 0.12291666666666666
0 0.25390625 0.23541666666666666 0.06406250000000001 0.09583333333333333
0 0.026562500000000003 0.5354166666666667 0.053125000000000006 0.075
0 0.08984375 0.55625 0.0578125 0.0625
0 0.696875 0.434375 0.046875 0.07708333333333334
0 0.8109375000000001 0.728125 0.03125 0.035416666666666666
