0 0.5640625 0.6260416666666666 0.140625 0.21458333333333332
0 0.82578125 0.325 0.0484375 0.075
0 0.884375 0.35520833333333335 0.05 0.052083333333333336
0 0.909375 0.44166666666666665 0.0625 0.06666666666666667
0 0.15390625000000002 0.6583333333333333 0.0859375 0.1
0 0.3015625 0.66875 0.05 0.075
0 0.1125 0.20729166666666665 0.059375000000000004 0.06875
0 0.284375 0.103125 0.0625 0.07708333333333334
0 0.19843750000000002 0.26875 0.0625 0.07916666666666666
0 0.17890625000000002 0.45416666666666666 0.045312500000000006 0.06666666666666667
0 0.8703125 0.029166666666666667 0.05 0.058333333333333334
0 0.49609375 0.7260416666666667 0.0578125 0.08541666666666667
