0 0.54140625 0.840625 0.07968750000000001 0.11041666666666666
0 0.6890625 0.19270833333333334 0.05625 0.09375
0 0.75 0.21979166666666666 0.046875 0.06875
0 0.79609375 0.2916666666666667 0.051562500000000004 0.07083333333333333
0 0.52890625 0.7572916666666667 0.0734375 0.08541666666666667
0 0.30234375 0.6375 0.0546875 0.0625
0 0.1265625 0.68125 0.0625 0.08333333333333333
0 0.34375 0.7447916666666666 0.0625 0.08541666666666667
0 0.690625 0.36354166666666665 0.040625 0.06041666666666667
0 0.7265625 0.384375 0.03125 0.04791666666666666
0 0.0546875 0.1625 0.05 0.0875
0 0.20468750000000002 0.20729166666666665 0.037500000000000006 0.052083333333333336
