0 0.49453125000000003 0.34375 0.09531250000000001 0.14583333333333334
0 0.578125 0.41041666666666665 0.078125 0.10833333333333334
0 0.68359375 0.5260416666666666 0.0734375 0.11458333333333333
0 0.5710937500000001 0.5875 0.060937500000000006 0.09583333333333333
0 0.6265625 0.6229166666666667 0.043750000000000004 0.07916666666666666
0 0.49453125000000003 0.5979166666666667 0.045312500000000006 0.05416666666666667
0 0.49140625000000004 0.71875 0.0421875 0.05
0 0.421875 0.6916666666666667 0.03125 0.0375
0 0.8625 0.23229166666666667 0.034375 0.052083333333333336
0 0.9578125000000001 0.16354166666666667 0.046875 0.052083333333333336
0 0.9234375 0.09166666666666666 0.034375 0.041666666666666664
0 0.9750000000000001 0.096875 0.043750000000000004 0.04791666666666666
