0 0.9296875 0.378125 0.1125 0.13958333333333334
0 0.64453125 0.31666666666666665 0.0390625 0.041666666666666664
0 0.6585937500000001 0.37083333333333335 0.029687500000000002 0.03333333333333333
0 0.66015625 0.253125 0.026562500000000003 0.04375
0 0.8382812500000001 0.34479166666666666 0.029687500000000002 0.03958333333333333
0 0.34453125 0.8885416666666667 0.026562500000000003 0.035416666666666666
0 0.57578125 0.9822916666666667 0.0328125 0.03125
0 0.6820312500000001 0.9770833333333333 0.029687500000000002 0.03333333333333333
0 0.70859375 0.9333333333333333 0.0328125 0.04583333333333333
0 0.45390625 0.9270833333333334 0.035937500000000004 0.041666666666666664
0 0.5242187500000001 0.7520833333333333 0.0203125 0.03333333333333333
0 0.5375 0.721875 0.028125 0.03125
0 0.54453125 0.6947916666666667 0.0234375 0.027083333333333334
0 0.58984375 0.85 0.026562500000000003 0.03333333333333333
0 0.609375 0.834375 0.025 0.027083333333333334
