0 0.5046875000000001 0.396875 0.1 0.13125
0 0.6820312500000001 0.41041666666666665 0.09843750000000001 0.15416666666666667
0 0.42734375 0.7447916666666666 0.0890625 0.13541666666666666
0 0.19062500000000002 0.378125 0.07187500000000001 0.10625
0 0.51953125 0.19895833333333332 0.09843750000000001 0.13958333333333334
0 0.5265625 0.05625 0.09375 0.1125
0 0.66171875 0.17083333333333334 0.1046875 0.1375
0 0.95859375 0.3 0.0546875 0.07083333333333333
0 0.15390625000000002 0.871875 0.0546875 0.07291666666666667
0 0.37421875000000004 0.9708333333333333 0.0421875 0.05416666666666667
0 0.3875 0.9249999999999999 0.05 0.0625
0 0.5 0.6020833333333333 0.06875 0.09166666666666666
0 0.33984375 0.24166666666666667 0.0390625 0.05416666666666667
0 0.29609375 0.296875 0.0421875 0.05625
