0 0.5109375 0.4979166666666667 0.109375 0.19583333333333333
0 0.115625 0.13125 0.12812500000000002 0.1625
0 0.6703125000000001 0.04479166666666667 0.109375 0.08958333333333333
0 0.9546875 0.3177083333333333 0.08750000000000001 0.14375
0 0.95234375 0.4166666666666667 0.0703125 0.0875
0 0.20703125 0.43854166666666666 0.0390625 0.052083333333333336
0 0.0390625 0.5291666666666667 0.0625 0.075
0 0.046875 0.6010416666666667 0.040625 0.052083333333333336
0 0.21875 0.30833333333333335 0.034375 0.05
0 0.59296875 0.9427083333333334 0.051562500000000004 0.06875
0 0.48281250000000003 0.625 0.065625 0.09583333333333333
0 0.0140625 0.9416666666666667 0.028125 0.0875
