0 0.83125 0.7635416666666667 0.153125 0.21041666666666667
0 0.6000000000000001 0.9666666666666667 0.10312500000000001 0.0625
0 0.38125000000000003 0.3177083333333333 0.12812500000000002 0.16458333333333333
0 0.47968750000000004 0.3208333333333333 0.07500000000000001 0.07916666666666666
0 0.53125 0.4270833333333333 0.084375 0.1125
0 0.5789062500000001 0.48541666666666666 0.0703125 0.1125
0 0.31015625 0.6739583333333333 0.0859375 0.13125
0 0.11796875000000001 0.7385416666666667 0.07968750000000001 0.08958333333333333
0 0.08125 0.9635416666666666 0.05625 0.06875
0 0.22109375 0.5854166666666667 0.060937500000000006 0.08333333333333333
