0 0.884375 0.6739583333333333 0.07500000000000001 0.10208333333333333
0 0.9593750000000001 0.7291666666666666 0.078125 0.1125
0 0.5609375 0.765625 0.05625 0.07708333333333334
0 0.5578125 0.8427083333333333 0.053125000000000006 0.07708333333333334
0 0.115625 0.6239583333333333 0.040625 0.052083333333333336
0 0.509375 0.4041666666666667 0.05625 0.08333333333333333
0 0.7015625000000001 0.6083333333333333 0.07500000000000001 0.10416666666666667
0 0.84375 0.384375 0.065625 0.08125
0 0.87421875 0.18333333333333332 0.045312500000000006 0.07083333333333333
0 0.7734375 0.9322916666666666 0.07500000000000001 0.08125
0 0.70859375 0.025 0.035937500000000004 0.05
0 0.29531250000000003 0.21666666666666667 0.034375 0.04583333333333333
0 0.15703125 0.225 0.035937500000000004 0.05
0 0.08359375000000001 0.3416666666666667 0.0328125 0.041666666666666664
0 0.0484375 0.26666666666666666 0.037500000000000006 0.05
