0 0.57265625 0.7458333333333333 0.0421875 0.058333333333333334
0 0.6882812500000001 0.915625 0.051562500000000004 0.06458333333333333
0 0.56015625 0.9427083333333334 0.045312500000000006 0.06041666666666667
0 0.34296875000000004 0.7760416666666666 0.0421875 0.06041666666666667
0 0.36015625 0.8427083333333333 0.035937500000000004 0.052083333333333336
0 0.3453125 0.1 0.040625 0.058333333333333334
0 0.43593750000000003 0.052083333333333336 0.046875 0.07083333333333333
0 0.54921875 0.3145833333333333 0.0390625 0.058333333333333334
0 0.50703125 0.203125 0.0328125 0.04791666666666666
0 0.47421875 0.203125 0.0328125 0.052083333333333336
0 0.403125 0.315625 0.043750000000000004 0.06041666666666667
0 0.28828125 0.3375 0.0328125 0.041666666666666664
0 0.40937500000000004 0.7177083333333333 0.034375 0.052083333333333336
0 0.3796875 0.9093749999999999 0.037500000000000006 0.04791666666666666
0 0.0859375 0.9249999999999999 0.05 0.0625
0 0.43203125000000003 0.7708333333333334 0.0328125 0.04583333333333333
0 0.4578125 0.6458333333333334 0.034375 0.041666666666666664
0 0.7000000000000001 0.09583333333333333 0.040625 0.05416666666666667
0 0.70859375 0.4791666666666667 0.0234375 0.0375
0 0.74609375 0.48541666666666666 0.0234375 0.029166666666666667
0 0.83125 0.209375 0.021875000000000002 0.03125
0 0.4453125 0.5822916666666667 0.028125 0.03958333333333333
0 0.284375 0.45 0.025 0.03333333333333333
