0 0.49531250000000004 0.359375 0.13125 0.17708333333333334
0 0.34453125 0.49583333333333335 0.1046875 0.14583333333333334
0 0.921875 0.8322916666666667 0.153125 0.21875
0 0.375 0.125 0.1125 0.1375
0 0.6421875 0.08541666666666667 0.109375 0.14166666666666666
0 0.540625 0.196875 0.115625 0.14375
0 0.34296875000000004 0.375 0.0859375 0.10833333333333334
0 0.8203125 0.3 0.125 0.15416666666666667
0 0.88203125 0.45 0.1390625 0.175
0 0.9578125000000001 0.359375 0.08125 0.15208333333333332
0 0.946875 0.6697916666666667 0.10312500000000001 0.14375
0 0.49531250000000004 0.584375 0.10312500000000001 0.14791666666666667
0 0.59765625 0.8708333333333333 0.08281250000000001 0.15416666666666667
0 0.71796875 0.7791666666666667 0.09531250000000001 0.12083333333333333
0 0.6648437500000001 0.7291666666666666 0.0546875 0.08333333333333333
