0 0.75703125 0.5614583333333333 0.0546875 0.06458333333333333
0 0.7054687500000001 0.7208333333333333 0.0546875 0.07083333333333333
0 0.6429687500000001 0.8958333333333334 0.035937500000000004 0.05
0 0.52265625 0.7927083333333333 0.045312500000000006 0.05625
0 0.19843750000000002 0.734375 0.07187500000000001 0.08958333333333333
0 0.1375 0.9375 0.084375 0.10833333333333334
0 0.48671875000000003 0.4010416666666667 0.051562500000000004 0.06458333333333333
0 0.59765625 0.6114583333333333 0.045312500000000006 0.05625
0 0.675 0.5395833333333333 0.040625 0.05416666666666667
0 0.7156250000000001 0.2833333333333333 0.05625 0.07083333333333333
0 0.9382812500000001 0.328125 0.0671875 0.07291666666666667
