0 0.07187500000000001 0.6677083333333333 0.09375 0.11458333333333333
0 0.12890625 0.29791666666666666 0.0578125 0.075
0 0.1953125 0.2635416666666667 0.05625 0.06875
0 0.2171875 0.171875 0.053125000000000006 0.07708333333333334
0 0.33437500000000003 0.0375 0.040625 0.05416666666666667
0 0.34921875 0.1 0.0390625 0.07083333333333333
0 0.40859375000000003 0.1125 0.045312500000000006 0.07083333333333333
0 0.44296875 0.19479166666666667 0.0390625 0.05625
0 0.5906250000000001 0.3072916666666667 0.05 0.06875
0 0.64375 0.46041666666666664 0.0625 0.07916666666666666
0 0.3296875 0.6010416666666667 0.046875 0.06458333333333333
0 0.57734375 0.6270833333333333 0.060937500000000006 0.0875
0 0.60703125 0.5947916666666666 0.0546875 0.07708333333333334
0 0.8515625 0.7322916666666667 0.065625 0.08541666666666667
