0 0.48281250000000003 0.771875 0.06875 0.09375
0 0.6609375000000001 0.49374999999999997 0.08125 0.10833333333333334
0 0.67578125 0.38645833333333335 0.051562500000000004 0.06875
0 0.83984375 0.396875 0.09843750000000001 0.11041666666666666
0 0.78125 0.428125 0.05625 0.07291666666666667
0 0.8187500000000001 0.25729166666666664 0.0625 0.06875
0 0.55390625 0.30833333333333335 0.0328125 0.041666666666666664
0 0.525 0.36354166666666665 0.025 0.03958333333333333
0 0.5710937500000001 0.3854166666666667 0.026562500000000003 0.03333333333333333
0 0.5867187500000001 0.3375 0.029687500000000002 0.0375
