0 0.36015625 0.74375 0.0859375 0.12916666666666665
0 0.5171875 0.678125 0.10312500000000001 0.13125
0 0.45546875000000003 0.74375 0.07968750000000001 0.10833333333333334
0 0.36875 0.5177083333333333 0.08125 0.10208333333333333
0 0.5007812500000001 0.4010416666666667 0.08281250000000001 0.10208333333333333
0 0.7109375 0.23645833333333333 0.09375 0.09791666666666667
0 0.7015625000000001 0.35833333333333334 0.09375 0.12083333333333333
0 0.7640625000000001 0.340625 0.08125 0.10625
0 0.8375 0.55625 0.09062500000000001 0.1
0 0.6156250000000001 0.5864583333333333 0.078125 0.08958333333333333
0 0.57265625 0.6427083333333333 0.060937500000000006 0.08125
0 0.66953125 0.6927083333333334 0.0765625 0.09791666666666667
0 0.696875 0.5791666666666666 0.08125 0.10833333333333334
0 0.625 0.47291666666666665 0.05625 0.07083333333333333
