0 0.48281250000000003 0.5802083333333333 0.028125 0.03958333333333333
0 0.6195312500000001 0.6125 0.029687500000000002 0.041666666666666664
0 0.6109375 0.79375 0.037500000000000006 0.05
0 0.6609375000000001 0.8354166666666667 0.037500000000000006 0.05
0 0.703125 0.8333333333333334 0.034375 0.05
0 0.6796875 0.784375 0.037500000000000006 0.04375
0 0.7351562500000001 0.70625 0.035937500000000004 0.05
0 0.7992187500000001 0.7041666666666666 0.0328125 0.041666666666666664
0 0.8546875 0.7489583333333333 0.037500000000000006 0.04791666666666666
0 0.98046875 0.7541666666666667 0.035937500000000004 0.04583333333333333
0 0.50234375 0.8489583333333334 0.0390625 0.06041666666666667
0 0.7328125000000001 0.43854166666666666 0.028125 0.03958333333333333
0 0.6335937500000001 0.475 0.029687500000000002 0.041666666666666664
0 0.73046875 0.5614583333333333 0.029687500000000002 0.03125
0 0.7523437500000001 0.6489583333333333 0.0390625 0.04375
0 0.7828125 0.571875 0.03125 0.035416666666666666
0 0.78828125 0.41875 0.026562500000000003 0.03333333333333333
0 0.821875 0.409375 0.028125 0.035416666666666666
0 0.671875 0.4770833333333333 0.025 0.041666666666666664
0 0.45234375000000004 0.75 0.026562500000000003 0.041666666666666664
0 0.5554687500000001 0.5427083333333333 0.0328125 0.03958333333333333
0 0.54609375 0.9666666666666667 0.0328125 0.05
0 0.7039062500000001 0.26458333333333334 0.026562500000000003 0.03333333333333333
0 0.8125 0.28854166666666664 0.025 0.03125
