0 0.6140625000000001 0.5104166666666666 0.0625 0.09166666666666666
0 0.5984375000000001 0.7625 0.059375000000000004 0.09166666666666666
0 0.7046875 0.6552083333333333 0.053125000000000006 0.08125
0 0.7578125 0.6770833333333334 0.053125000000000006 0.07916666666666666
0 0.9015625 0.709375 0.078125 0.09791666666666667
0 0.93125 0.8385416666666666 0.08125 0.10208333333333333
0 0.9695312500000001 0.7822916666666666 0.0578125 0.08125
0 0.31171875000000004 0.7833333333333333 0.0484375 0.075
0 0.35000000000000003 0.7114583333333333 0.05625 0.07708333333333334
0 0.40234375 0.6354166666666666 0.0578125 0.07083333333333333
0 0.47578125000000004 0.6520833333333333 0.0546875 0.07083333333333333
0 0.49765625 0.28541666666666665 0.0578125 0.075
0 0.6726562500000001 0.28020833333333334 0.0578125 0.08125
0 0.7203125 0.23020833333333332 0.0625 0.07291666666666667
0 0.7054687500000001 0.40625 0.0484375 0.06666666666666667
0 0.7328125000000001 0.4552083333333333 0.05 0.07291666666666667
0 0.44453125000000004 0.32708333333333334 0.035937500000000004 0.05416666666666667
0 0.45234375000000004 0.12604166666666666 0.0578125 0.08958333333333333
0 0.46328125000000003 0.03854166666666667 0.060937500000000006 0.07708333333333334
0 0.6664062500000001 0.04375 0.051562500000000004 0.075
