0 0.07109375 0.55625 0.1234375 0.14583333333333334
0 0.375 0.3208333333333333 0.08750000000000001 0.11666666666666667
0 0.41328125000000004 0.4270833333333333 0.0859375 0.10833333333333334
0 0.353125 0.5385416666666667 0.08125 0.10625
0 0.63046875 0.6729166666666666 0.0578125 0.075
0 0.625 0.553125 0.059375000000000004 0.07291666666666667
0 0.790625 0.6458333333333334 0.07500000000000001 0.09583333333333333
0 0.9296875 0.753125 0.059375000000000004 0.08125
0 0.8773437500000001 0.5177083333333333 0.0578125 0.07708333333333334
0 0.6984375 0.3052083333333333 0.06875 0.09375
0 0.6898437500000001 0.3833333333333333 0.06406250000000001 0.08333333333333333
0 0.56796875 0.28125 0.045312500000000006 0.058333333333333334
0 0.85703125 0.43645833333333334 0.060937500000000006 0.08125
0 0.32109375 0.7458333333333333 0.0546875 0.07083333333333333
0 0.28671875 0.8197916666666667 0.060937500000000006 0.07708333333333334
0 0.25078125 0.7583333333333333 0.0546875 0.06666666666666667
0 0.1015625 0.11666666666666667 0.046875 0.07083333333333333
0 0.27890625 0.2875 0.06406250000000001 0.0875
0 0.22890625 0.19895833333333332 0.0484375 0.07291666666666667
