0 0.64609375 0.2 0.09531250000000001 0.13333333333333333
0 0.5906250000000001 0.29583333333333334 0.096875 0.125
0 0.72265625 0.42291666666666666 0.11093750000000001 0.13333333333333333
0 0.6726562500000001 0.5427083333333333 0.1015625 0.15625
0 0.665625 0.6989583333333333 0.109375 0.14791666666666667
0 0.48125 0.6260416666666666 0.09375 0.13541666666666666
0 0.48281250000000003 0.490625 0.08750000000000001 0.11041666666666666
0 0.54453125 0.41770833333333335 0.0703125 0.09375
0 0.93515625 0.5760416666666667 0.1171875 0.13958333333333334
0 0.9617187500000001 0.33958333333333335 0.0734375 0.13333333333333333
0 0.76484375 0.29791666666666666 0.0578125 0.07916666666666666
0 0.1453125 0.51875 0.08125 0.09166666666666666
0 0.259375 0.36875 0.07187500000000001 0.09583333333333333
0 0.3359375 0.30104166666666665 0.065625 0.09375
0 0.38203125000000004 0.240625 0.051562500000000004 0.08125
0 0.12421875 0.9552083333333333 0.0671875 0.08541666666666667
0 0.37265625 0.12083333333333333 0.0484375 0.0625
0 0.6453125000000001 0.07604166666666666 0.06875 0.08125
0 0.5796875 0.1 0.053125000000000006 0.0875
0 0.41796875 0.06354166666666666 0.0546875 0.06458333333333333
0 0.5140625 0.184375 0.05625 0.06875
